5.62967824936, 40.796182
5.6450343132, 40.812235
5.65189552307, 40.828192
5.66146373749, 40.860164
5.6373796463, 40.876136
5.5899810791, 40.892140
5.5754442215, 40.923732
5.60095643997, 40.939780
5.61329603195, 40.955753
5.58753299713, 40.971848
5.56683921814, 41.003825
5.61901092529, 41.019802
5.66024065018, 41.035779
5.67954063416, 41.067688
5.66994953156, 41.083755
5.69656801224, 41.099613
5.75033426285, 41.115755
5.75410509109, 41.147644
5.71421480179, 41.163567
5.70629739761, 41.179819
5.70877933502, 41.211602
5.69548988342, 41.227555
5.65646457672, 41.243628
5.63102722168, 41.259516
5.6641459465, 41.291648
5.67598438263, 41.307478
5.64553880692, 41.323507
5.64747047424, 41.355597
5.70039319992, 41.371574
5.71715259552, 41.387565
5.69349765778, 41.403363
5.67937994003, 41.435657
5.70835638046, 41.451625
5.73695039749, 41.467442
5.73519468307, 41.499569
5.68092250824, 41.515269
5.67579030991, 41.531574
5.74216938019, 41.547287
5.78137111664, 41.579431
5.77353143692, 41.595292
5.73337554932, 41.611098
5.74472045898, 41.643198
5.76421546936, 41.659186
5.72810173035, 41.675310
5.70919895172, 41.706994
5.75715970993, 41.723363
5.80368041992, 41.739164
5.78834915161, 41.755078
5.73285675049, 41.787158
5.73765993118, 41.803055
5.76138734818, 41.819142
5.78370189667, 41.851019
5.79143857956, 41.867033
5.80801534653, 41.883087
5.84379673004, 41.899056
5.85096597672, 41.931115
5.80330944061, 41.947082
5.81191015244, 41.962941
5.83968353271, 41.994782
5.84308195114, 42.011135
5.79834461212, 42.026915
5.77160739899, 42.043148
5.81406927109, 42.074876
5.83923721313, 42.090790
5.82651185989, 42.106926
5.91794395447, 42.138838
5.95121240616, 42.154942
5.92215490341, 42.170903
5.93384838104, 42.186906
5.95644378662, 42.218891
5.99971580505, 42.234830
5.95344257355, 42.250808
5.88408088684, 42.282712
5.81515836716, 42.298795
5.81407928467, 42.314789
5.8366932869, 42.330753
5.7541885376, 42.362731
5.65714883804, 42.378625
5.60349416733, 42.394685
5.63913202286, 42.426405
5.69806098938, 42.442498
5.64032506943, 42.458498
5.54424333572, 42.474445
5.55544376373, 42.506560
5.62884902954, 42.522510
5.71339845657, 42.538485
5.76037549973, 42.570486
5.72745704651, 42.586400
5.70536327362, 42.602391
5.70022392273, 42.618139
5.71182823181, 42.650189
5.67120838165, 42.666242
5.65770053864, 42.682333
5.61862945557, 42.714364
5.65412759781, 42.730351
5.72235918045, 42.746363
5.68607950211, 42.778120
5.60755348206, 42.794390
5.53402471542, 42.810297
5.60139799118, 42.826280
5.7150349617, 42.858251
5.76818084717, 42.874233
5.74971914291, 42.890223
5.74006462097, 42.921943
5.78318023682, 42.938052
5.85688495636, 42.954080
5.86941814423, 42.970030
5.79924964905, 43.002060
5.7154955864, 43.018108
5.69170570374, 43.034080
5.72384786606, 43.065944
5.79986143112, 43.082081
5.84476947784, 43.098084
5.85040140152, 43.114037
5.86508607864, 43.145979
5.89502286911, 43.161978
5.84160232544, 43.177953
5.77288293839, 43.209800
5.79158163071, 43.225880
5.84657859802, 43.241875
5.81642436981, 43.257852
5.73557567596, 43.289831
5.70010948181, 43.305796
5.7165517807, 43.321795
5.75187587738, 43.353712
5.84050178528, 43.369751
5.88505649567, 43.385675
5.86030864716, 43.401703
5.83897686005, 43.433595
5.83395910263, 43.449682
5.87983322144, 43.465656
5.89980792999, 43.497627
5.90084552765, 43.513637
5.90426969528, 43.529605
5.9081454277, 43.545613
5.86322116852, 43.577552
5.81327009201, 43.593510
5.7791390419, 43.609406
5.82398891449, 43.641292
5.87005615234, 43.657231
5.82939338684, 43.673312
5.73625183105, 43.689389
5.68142604828, 43.721393
5.65254402161, 43.737368
5.66423177719, 43.753368
5.67918729782, 43.785319
5.68446874619, 43.801287
5.71224498749, 43.817287
5.73601007462, 43.849065
5.71548557281, 43.865253
5.68554878235, 43.881239
5.69926786423, 43.897197
5.66886043549, 43.929108
5.64617300034, 43.945179
5.63485813141, 43.961120
5.62138128281, 43.992913
5.63021755219, 44.009123
5.59540176392, 44.025073
5.56988763809, 44.041070
5.56846523285, 44.073075
5.55710458755, 44.089072
5.51866340637, 44.105091
5.50945281982, 44.136852
5.48777532578, 44.152851
5.46239185333, 44.168933
5.42498350143, 44.184894
5.33953905106, 44.216982
5.31512498856, 44.232868
5.37457275391, 44.248850
5.42103624344, 44.280737
5.38697433472, 44.296790
5.42567968369, 44.312758
5.51289129257, 44.328771
5.48328304291, 44.360723
5.35465717316, 44.376722
5.25244951248, 44.392719
5.19781398773, 44.424619
5.21409130096, 44.440669
5.16606330872, 44.456645
5.17742919922, 44.472624
5.24397659302, 44.504509
5.01273155212, 44.520592
4.39221668243, 44.536571
3.98522114754, 44.568553
4.14470720291, 44.584544
4.50157356262, 44.600548
4.47335720062, 44.616599
4.27023506165, 44.648197
4.29182720184, 44.664221
4.38737821579, 44.680225
4.25873661041, 44.712218
4.09858846664, 44.728169
4.15222978592, 44.744158
4.33553695679, 44.760230
4.45962285995, 44.792201
4.44188308716, 44.808192
4.43712711334, 44.824161
4.48558998108, 44.856137
4.78581428528, 44.872112
5.02250814438, 44.888235
4.95303344727, 44.920071
5.06799411774, 44.936225
5.31652832031, 44.952203
5.00012922287, 44.968179
4.76880788803, 45.000134
5.23688793182, 45.016129
5.31034183502, 45.032100
4.97034502029, 45.063899
4.82961940765, 45.080074
5.06863546371, 45.096069
5.28931951523, 45.112076
4.99481630325, 45.143961
4.73086738586, 45.159965
4.7422337532, 45.176100
4.68996477127, 45.207815
4.5520567894, 45.223915
4.49115371704, 45.239886
4.5146613121, 45.255884
4.48228502274, 45.287863
4.37113189697, 45.303855
4.2266330719, 45.319809
4.219830513, 45.351750
4.29682779312, 45.367792
4.49638986588, 45.383796
4.39805030823, 45.399788
4.20445299149, 45.431739
4.22876930237, 45.447572
4.42579126358, 45.463718
4.61969661713, 45.495655
4.65117549896, 45.511659
4.52316427231, 45.527658
4.41684150696, 45.543646
4.36588096619, 45.575611
4.48769378662, 45.591587
4.71051311493, 45.607592
4.83066940308, 45.639218
4.78233289719, 45.655208
4.70088386536, 45.671261
4.7525100708, 45.687328
4.8442940712, 45.719440
4.86621189117, 45.735420
4.80701828003, 45.751420
4.7830786705, 45.783440
5.07845497131, 45.799435
5.01997184753, 45.815412
4.70581912994, 45.847149
4.59107255936, 45.863355
4.69103908539, 45.879332
4.74967384338, 45.895337
4.6211476326, 45.927308
4.49814224243, 45.943291
4.49025821686, 45.959279
4.4515376091, 45.991106
4.37054014206, 46.007235
4.3638010025, 46.023235
4.48013019562, 46.039134
4.59241104126, 46.071212
4.75037002563, 46.087181
4.86245298386, 46.103178
4.8136177063, 46.135012
4.72483539581, 46.151112
4.7544798851, 46.167092
4.9545006752, 46.183021
5.07947063446, 46.215061
5.07722616196, 46.230997
5.1481127739, 46.247033
5.30413770676, 46.278818
5.41443395615, 46.294812
5.43795251846, 46.310930
5.39644908905, 46.326920
5.40710544586, 46.358937
5.47249412537, 46.374878
5.51344776154, 46.390884
5.48260688782, 46.422736
5.46372413635, 46.438857
5.53352117538, 46.454827
5.65635299683, 46.470824
5.71249818802, 46.502757
5.66792106628, 46.518787
5.66955089569, 46.534757
5.76882314682, 46.566790
5.86223554611, 46.582709
5.73715019226, 46.598708
5.71728897095, 46.614689
5.93717336655, 46.646343
6.05615949631, 46.662414
5.76072788239, 46.678419
5.36513566971, 46.710473
5.2127366066, 46.726598
5.46854686737, 46.742505
5.58632946014, 46.758468
5.30554819107, 46.790596
5.0827999115, 46.806567
5.18763017654, 46.822544
5.41149377823, 46.854544
5.49558067322, 46.870520
5.36063528061, 46.886522
5.33874130249, 46.918291
5.38576745987, 46.934469
5.31823539734, 46.950400
5.23262405396, 46.966424
5.2370429039, 46.998327
5.30401563644, 47.014327
5.24532032013, 47.030373
5.15268707275, 47.062210
5.28276777267, 47.078350
5.42418622971, 47.094320
5.45667886734, 47.110292
5.37566804886, 47.142224
5.37919998169, 47.158339
5.46243906021, 47.174267
5.49770259857, 47.206141
5.4597401619, 47.222217
5.42665624619, 47.238195
5.40624713898, 47.254173
5.45174598694, 47.286144
5.47808647156, 47.302142
5.45187902451, 47.318117
5.4102768898, 47.350014
5.43337726593, 47.366097
5.50654459, 47.382095
5.5705280304, 47.398059
5.53958082199, 47.429990
5.48465967178, 47.445991
5.53405427933, 47.461969
5.61542320251, 47.493912
5.63631868362, 47.509910
5.59043121338, 47.525896
5.55469989777, 47.541900
5.61971855164, 47.573867
5.62405157089, 47.589799
5.57730102539, 47.605818
5.54908132553, 47.637626
5.54984235764, 47.653416
5.57886505127, 47.669538
5.57027482986, 47.685530
5.54270172119, 47.717633
5.5406961441, 47.733659
5.53296136856, 47.749631
5.50099849701, 47.781630
5.44734859467, 47.797606
5.44840478897, 47.813513
5.49054479599, 47.845371
5.47816467285, 47.861532
5.47705125809, 47.877531
5.51945638657, 47.893507
5.54442119598, 47.925482
5.54554700851, 47.941448
5.56827974319, 47.957455
5.6155500412, 47.989270
5.64212226868, 48.005401
5.63039779663, 48.021379
5.6250705719, 48.037354
5.69756221771, 48.069304
5.75632190704, 48.085335
5.74552297592, 48.101299
5.69538259506, 48.133166
5.72475576401, 48.149221
5.77065086365, 48.165253
5.83071613312, 48.181258
5.84174823761, 48.213229
5.8299407959, 48.229268
5.8276181221, 48.245207
5.85477113724, 48.277062
5.84525442123, 48.293155
5.82019138336, 48.309125
5.74642753601, 48.325042
5.7313284874, 48.357077
5.7173871994, 48.373127
5.66445541382, 48.389050
5.60146045685, 48.420926
5.56960582733, 48.437038
5.58798599243, 48.452945
5.64316558838, 48.468946
5.65758228302, 48.500898
5.59406614304, 48.516837
5.54154253006, 48.532874
5.61030387878, 48.564816
5.69817876816, 48.580828
5.74145507812, 48.596827
5.74709749222, 48.612804
5.71203708649, 48.644747
5.67305898666, 48.660432
5.66111326218, 48.676418
5.68918323517, 48.708387
5.73118638992, 48.724427
5.80020999908, 48.740445
5.79566049576, 48.756553
5.77594280243, 48.788504
5.81144523621, 48.804573
5.74892425537, 48.820554
5.68193054199, 48.852525
5.71332263947, 48.868522
5.83706855774, 48.884476
5.99692583084, 48.916223
6.144718647, 48.932447
6.25304079056, 48.948378
6.19563055038, 48.964422
6.0746922493, 48.996371
6.00887489319, 49.012373
6.07174730301, 49.028374
6.15952205658, 49.060188
6.21028995514, 49.076325
6.27048063278, 49.092309
6.35468864441, 49.108305
6.41912126541, 49.140256
6.39228153229, 49.156255
6.35195016861, 49.172231
6.33882188797, 49.204058
6.26884031296, 49.220178
6.20242452621, 49.236147
6.21103620529, 49.252157
6.2012386322, 49.284139
6.14192390442, 49.300000
6.28595399857, 49.316083
6.38480329514, 49.347939
6.33019542694, 49.364048
6.23911714554, 49.380051
6.18175268173, 49.396048
6.26394987106, 49.428009
6.31526517868, 49.443945
6.126973629, 49.459923
6.06042909622, 49.491842
6.17888641357, 49.507866
6.32130908966, 49.523928
6.34514284134, 49.539848
6.3628783226, 49.571742
6.36533737183, 49.587791
6.39119005203, 49.603791
6.40262126923, 49.635708
6.40052461624, 49.651716
6.35758447647, 49.667408
6.30506229401, 49.683452
6.35256242752, 49.715488
6.39670848846, 49.731466
6.32887411118, 49.747462
6.2384390831, 49.779529
6.19521522522, 49.795536
6.1975107193, 49.811537
6.1917681694, 49.827545
6.17969036102, 49.859511
6.19611263275, 49.875491
6.24962043762, 49.891467
6.29551410675, 49.923441
6.31618595123, 49.939444
6.29768896103, 49.955412
6.27316141129, 49.987215
6.30086326599, 50.003385
6.36044836044, 50.019386
6.37949466705, 50.035301
6.3870677948, 50.067343
6.40970182419, 50.083348
6.44082212448, 50.099314
6.43889904022, 50.131170
6.37204456329, 50.147288
6.31748580933, 50.163266
6.31176614761, 50.179234
6.32925605774, 50.211218
6.38497638702, 50.227194
6.47136592865, 50.243189
6.55533409119, 50.275117
6.59481525421, 50.291165
6.62028026581, 50.307137
6.62025117874, 50.323112
6.59368658066, 50.355089
6.51989269257, 50.371093
6.46213579178, 50.387062
6.48289394379, 50.418972
6.51054811478, 50.435034
6.51242494583, 50.451005
6.48924732208, 50.467011
6.46789550781, 50.499009
6.46598529816, 50.514957
6.48221826553, 50.530937
6.49244499207, 50.562862
6.4706902504, 50.578847
6.47299575806, 50.595020
6.50357151031, 50.610927
6.52912712097, 50.642891
6.53457784653, 50.658863
6.5370016098, 50.674614
6.52747392654, 50.706526
6.5207324028, 50.722714
6.50579404831, 50.738692
6.49350786209, 50.754608
6.5136089325, 50.786738
6.52457952499, 50.802683
6.52577161789, 50.818738
6.53731060028, 50.850717
6.5468173027, 50.866685
6.52239227295, 50.882692
6.52342557907, 50.898667
6.53119325638, 50.930644
6.57530975342, 50.946618
6.64313793182, 50.962609
6.68279933929, 50.994591
6.70601463318, 51.010587
6.65374326706, 51.026456
6.59457159042, 51.058363
6.59940767288, 51.074503
6.61691093445, 51.090510
6.61521720886, 51.106488
6.60796880722, 51.138471
6.62529945374, 51.154439
6.66925811768, 51.170433
6.68435382843, 51.202300
6.68137216568, 51.218371
6.65954256058, 51.234391
6.66377496719, 51.250396
6.6751999855, 51.282365
6.67742919922, 51.298341
6.68487930298, 51.314304
6.66295528412, 51.346189
6.66409635544, 51.362292
6.65342140198, 51.378268
6.6341047287, 51.394264
6.62437963486, 51.426210
6.64061260223, 51.442215
6.68357372284, 51.458184
6.70711183548, 51.490076
6.72907018661, 51.506134
6.73581027985, 51.522112
6.72358083725, 51.538110
6.7428650856, 51.570084
6.76867961884, 51.586057
6.83987045288, 51.602053
6.91886854172, 51.634042
6.95490121841, 51.650041
6.93762302399, 51.666030
6.91766309738, 51.681768
6.90634012222, 51.713841
6.89504289627, 51.729875
6.88681507111, 51.745865
6.84543418884, 51.777872
6.85826396942, 51.793791
6.87787628174, 51.809858
6.89679384232, 51.825831
6.8935508728, 51.857816
6.89800596237, 51.873811
6.90182447433, 51.889789
6.91989040375, 51.921756
6.93215799332, 51.937738
6.96083307266, 51.953732
6.98451280594, 51.985502
7.00249958038, 52.001709
7.00310087204, 52.017682
7.00478744507, 52.033686
7.01279067993, 52.065661
7.02176475525, 52.081636
7.03145694733, 52.097626
7.0511507988, 52.129461
7.07100725174, 52.145585
7.06389951706, 52.161560
7.05771970749, 52.177561
7.05150938034, 52.209509
7.04970788956, 52.225410
7.08697795868, 52.241502
7.13696527481, 52.273372
7.15836048126, 52.289454
7.15720891953, 52.305431
7.15154409409, 52.321401
7.11503553391, 52.353391
7.07543516159, 52.369358
7.06640338898, 52.385354
7.06709051132, 52.417226
7.06726789474, 52.433305
7.05596971512, 52.449285
7.07074260712, 52.465349
7.08794689178, 52.497205
7.09841060638, 52.513201
7.09513759613, 52.529200
7.09491252899, 52.561166
7.12757730484, 52.577191
7.1474981308, 52.593169
7.14624452591, 52.609148
7.15186595917, 52.641125
7.1488571167, 52.657055
7.15145730972, 52.673070
7.15379571915, 52.704802
7.15124416351, 52.720863
7.16898202896, 52.736957
7.17050409317, 52.752995
7.18900489807, 52.785037
7.19735193253, 52.800955
7.2170009613, 52.816956
7.22231912613, 52.848931
7.19820261002, 52.864907
7.17815303802, 52.880902
7.18989944458, 52.896907
7.22587299347, 52.928881
7.25402450562, 52.944796
7.25049781799, 52.960781
7.25470161438, 52.992834
7.24014472961, 53.008759
7.21827697754, 53.024779
7.19389009476, 53.056504
7.18698978424, 53.072497
7.2020778656, 53.088469
7.2225689888, 53.104391
7.24594020844, 53.136519
7.26922941208, 53.152539
7.26268196106, 53.168507
7.24015617371, 53.200387
7.21947145462, 53.216489
7.22483348846, 53.232463
7.18461465836, 53.248541
6.92241096497, 53.280510
6.57154607773, 53.296482
6.19238328934, 53.312487
6.19190311432, 53.344360
-1.8211671114, 53.360456
-11.265455246, 53.376450
-10.9579000473, 53.392447
-10.2461462021, 53.424096
-9.51913356781, 53.440389
-9.84942722321, 53.456305
-8.826130867, 53.488285
-7.0195479393, 53.504229
-6.7630200386, 53.520297
-11.1617650986, 53.536352
-12.4094800949, 53.568354
-13.0160713196, 53.584334
-12.9629497528, 53.600230
-12.2042655945, 53.632242
-10.994383812, 53.648241
-9.34661579132, 53.664231
-7.65262746811, 53.680210
-6.48109292984, 53.711952
-6.2188243866, 53.728009
-5.7697019577, 53.743980
-5.13748121262, 53.776116
-3.70537734032, 53.792084
-2.47481441498, 53.808165
-1.2427085638, 53.839837
0.15330581367, 53.856052
1.47261738777, 53.872051
2.45719885826, 53.887999
2.86614823341, 53.919996
3.22784018517, 53.936000
3.54805397987, 53.951996
4.35538864136, 53.983786
5.30441570282, 53.999898
7.22200059891, 54.015893
9.42337417603, 54.031865
11.7750349045, 54.063849
13.8417825699, 54.079816
16.1038818359, 54.095825
18.4150371552, 54.127667
20.206697464, 54.143773
21.1433467865, 54.159738
21.4455928802, 54.175743
21.3014125824, 54.207695
21.11561203, 54.223664
21.0164318085, 54.239670
21.0917549133, 54.271604
21.818025589, 54.287618
22.7610187531, 54.303617
23.6924152374, 54.319565
24.7020359039, 54.351541
25.5302810669, 54.367540
26.6079921722, 54.383547
28.7898826599, 54.415499
29.8979606628, 54.431486
29.9783248901, 54.447466
29.2796459198, 54.463469
28.794588089, 54.495449
28.7769565582, 54.511416
29.7489337921, 54.527399
31.2089042664, 54.559366
33.3044929504, 54.575344
34.494140625, 54.591320
33.9226913452, 54.607317
33.1395072937, 54.639268
31.9586391449, 54.655264
31.1002655029, 54.671243
30.3572368622, 54.703094
29.3952770233, 54.718930
28.0900058746, 54.734982
27.4730815887, 54.766928
27.2560310364, 54.783142
26.9912986755, 54.799165
24.9785289764, 54.815171
21.1135292053, 54.847117
18.3421707153, 54.863117
17.3526039124, 54.879095
17.0958824158, 54.910884
17.1314105988, 54.927068
16.5408744812, 54.943040
15.7033901215, 54.959016
15.4649658203, 54.991011
15.3223628998, 55.007023
15.0397319794, 55.023054
14.6760959625, 55.054788
14.3946943283, 55.070912
14.3936433792, 55.086918
14.3788871765, 55.102908
14.1716794968, 55.134893
13.9618606567, 55.151059
13.761929512, 55.166869
13.5584392548, 55.198701
13.3353242874, 55.214820
13.1508817673, 55.230756
12.9693908691, 55.246784
12.7673692703, 55.278775
12.5835466385, 55.294764
12.4617242813, 55.310736
12.427977562, 55.342614
12.3309831619, 55.358716
12.247595787, 55.374692
12.1141119003, 55.390686
12.0410804749, 55.422666
11.9638366699, 55.438640
11.8385343552, 55.454614
11.7467689514, 55.486428
11.6472673416, 55.502580
11.3094329834, 55.518539
10.6553897858, 55.534548
9.92926120758, 55.566535
9.47313404083, 55.582495
9.37311267853, 55.598444
9.31722831726, 55.630423
9.12691879272, 55.646391
8.37049484253, 55.662385
7.29238557816, 55.678292
6.5775384903, 55.710385
6.21373558044, 55.726007
5.75585842133, 55.742028
5.47943639755, 55.774122
5.15204238892, 55.790211
4.84181165695, 55.806190
4.89479398727, 55.822190
5.18891191483, 55.854119
5.74799156189, 55.870227
6.17610263824, 55.886137
6.45411968231, 55.918114
6.74324607849, 55.934088
7.04141521454, 55.950105
7.31864261627, 55.981839
7.48534536362, 55.998053
7.58911371231, 56.014052
7.90396595001, 56.030021
8.30369186401, 56.061981
8.67824745178, 56.077918
9.11186504364, 56.093889
9.70440673828, 56.125752
10.3983259201, 56.141902
10.57675457, 56.157899
10.4918107986, 56.173840
10.5048017502, 56.205811
10.6367940903, 56.221820
10.7990474701, 56.237813
10.8942270279, 56.269726
10.8984870911, 56.285803
10.9426193237, 56.301755
10.9980239868, 56.317769
11.2510623932, 56.349711
11.521944046, 56.365683
11.8620653152, 56.381668
12.2020788193, 56.413604
12.4461135864, 56.430844
12.6243534088, 56.445353
12.9718446732, 56.461451
13.6326122284, 56.493426
14.3638505936, 56.509424
14.8039636612, 56.525396
15.029747963, 56.557353
15.1478481293, 56.573260
15.5350999832, 56.589310
15.9146652222, 56.605309
16.2435131073, 56.637208
16.5937747955, 56.653259
17.2796211243, 56.669341
17.8872470856, 56.701273
18.0497283936, 56.717384
17.8531131744, 56.733148
17.6106586456, 56.749186
17.3730373383, 56.781244
17.1738986969, 56.797214
16.9374752045, 56.813261
16.7222728729, 56.845261
16.5306911469, 56.861242
16.3064346313, 56.877236
16.0611038208, 56.909001
15.8616857529, 56.925182
15.7123584747, 56.941162
15.5386514664, 56.957157
15.3033638, 56.989108
15.1103982925, 57.005090
14.8817052841, 57.021068
14.657834053, 57.052894
14.4573144913, 57.068922
14.1812505722, 57.085013
13.6732301712, 57.101007
13.4987821579, 57.133012
13.4491415024, 57.149013
13.228187561, 57.165006
12.8204174042, 57.196810
12.4868106842, 57.212952
12.2733240128, 57.228887
12.0845041275, 57.244859
11.7448358536, 57.276833
11.6048631668, 57.292812
11.6387777328, 57.308806
11.6645812988, 57.340638
11.6220541, 57.356797
11.4633073807, 57.372756
11.2515974045, 57.388735
11.0011081696, 57.420749
10.8550310135, 57.436573
10.7002372742, 57.452706
10.5753822327, 57.484520
10.466342926, 57.500599
10.4386196136, 57.516520
10.4584732056, 57.532646
10.4659805298, 57.564626
10.4954833984, 57.580622
10.5387830734, 57.596567
10.5308151245, 57.628548
10.5057859421, 57.644546
10.4969615936, 57.660517
10.4939165115, 57.692089
10.4609022141, 57.708468
10.4250125885, 57.724170
10.366651535, 57.740098
10.3522844315, 57.772221
10.3612709045, 57.788227
10.3721122742, 57.804316
10.3948421478, 57.836185
10.3982639313, 57.852338
10.3922586441, 57.868315
10.3758926392, 57.884313
10.3827667236, 57.916265
10.3903131485, 57.932267
10.3558292389, 57.948238
10.3256654739, 57.980112
10.3143939972, 57.996195
10.3018722534, 58.012164
10.2978534698, 58.028154
10.2676048279, 58.060119
10.2599086761, 58.076091
10.275724411, 58.092069
10.2889385223, 58.123936
10.2873573303, 58.139999
10.2830886841, 58.156056
10.2820367813, 58.171925
10.2616205215, 58.203909
10.2566289902, 58.219902
10.2669095993, 58.235886
10.2657356262, 58.267795
10.2582130432, 58.283833
10.2456359863, 58.299770
10.2007474899, 58.315777
10.1732234955, 58.347754
10.1770362854, 58.363747
10.1937322617, 58.379726
10.1990585327, 58.411713
10.2093305588, 58.427724
10.2166042328, 58.443673
10.2057876587, 58.475446
10.1994085312, 58.491630
10.1675081253, 58.507621
10.1376018524, 58.523604
10.1322278976, 58.555572
10.1039218903, 58.571578
10.0739221573, 58.587581
10.0538320541, 58.619404
10.0456542969, 58.635502
10.0263442993, 58.651501
9.97283267975, 58.667468
9.95939731598, 58.699463
9.93282604218, 58.715447
9.90756130219, 58.731689
9.78553295135, 58.763153
9.73166942596, 58.779271
9.82234191895, 58.795327
9.93926715851, 58.811250
9.98756122589, 58.843349
9.91597938538, 58.859355
9.8579454422, 58.875326
9.82982349396, 58.907230
9.85262584686, 58.923302
9.89142894745, 58.939270
9.92589569092, 58.955255
9.98590564728, 58.987220
9.99886417389, 59.003203
9.90599346161, 59.019204
9.84645175934, 59.051137
9.82301330566, 59.067125
9.8249464035, 59.083102
9.80873394012, 59.099140
9.75584506989, 59.131079
9.78014278412, 59.147053
9.80525493622, 59.163027
9.83778858185, 59.194999
9.86018371582, 59.211002
9.88306331635, 59.226993
9.94878101349, 59.258753
9.96829223633, 59.274896
9.92284584045, 59.290897
9.88658714294, 59.306868
9.91069507599, 59.338852
9.953125, 59.354828
9.99922275543, 59.370819
9.96414852142, 59.402655
9.95160198212, 59.418766
9.97600746155, 59.434741
9.98475837708, 59.450722
9.98955726624, 59.482636
9.99367237091, 59.498670
9.99858283997, 59.514595
9.97523021698, 59.546537
9.94039821625, 59.562643
9.97785282135, 59.578604
10.0467500687, 59.594600
10.0460271835, 59.626545
10.0593328476, 59.642485
10.0522909164, 59.658540
10.0570211411, 59.690464
10.0400438309, 59.706422
10.0473308563, 59.722448
10.108625412, 59.738351
10.1420459747, 59.770294
10.1548185349, 59.786322
10.1377592087, 59.802321
10.1483230591, 59.835909
10.17648983, 59.850086
10.1778659821, 59.866115
10.1637554169, 59.882085
10.1447925568, 59.914030
10.1377649307, 59.930032
10.1530723572, 59.946096
10.1661167145, 59.978064
10.1795940399, 59.994184
10.1941146851, 00.010201
10.2181873322, 00.041942
10.236451149, 00.058149
10.2266120911, 00.074116
10.2130260468, 00.090029
10.2252664566, 00.122034
10.2250614166, 00.138032
10.2531766891, 00.154002
10.2656650543, 00.185904
10.2737483978, 00.201993
10.2737607956, 00.217995
10.2573890686, 00.233995
10.2549095154, 00.266078
10.2527980804, 00.281920
10.2465143204, 00.297927
10.2376775742, 00.329812
10.2449035645, 00.345866
10.2528963089, 00.361867
10.2510232925, 00.377846
10.2143344879, 00.409820
10.1893529892, 00.425789
10.1774072647, 00.441701
10.1794013977, 00.473693
10.2161273956, 00.489707
10.2354745865, 00.505686
10.2192296982, 00.521686
10.1942815781, 00.553643
10.1309289932, 00.569611
10.0553617477, 00.585507
10.0080375671, 00.617527
9.98799228668, 00.633593
9.98812389374, 00.649608
9.98658180237, 00.665572
9.94876194, 00.697546
9.91359710693, 00.713513
9.91835689545, 00.729471
9.93710613251, 00.761233
9.92440605164, 00.777285
9.91441631317, 00.793387
9.95698833466, 00.825259
10.0143136978, 00.841335
10.079120636, 00.857429
10.0928487778, 00.873425
10.0732898712, 00.905362
10.0514154434, 00.921254
10.0352048874, 00.937339
10.021446228, 00.969224
10.0251722336, 00.985295
10.0356168747, 01.001265
10.0502538681, 01.017356
10.0538682938, 01.049241
10.0514450073, 01.065211
10.0492277145, 01.081228
10.1011648178, 01.113103
10.1171102524, 01.129166
10.1295824051, 01.145040
10.0926475525, 01.161117
10.0659894943, 01.193091
10.0396223068, 01.209090
10.0150222778, 01.225063
10.0220413208, 01.256995
10.0321559906, 01.273039
10.0605945587, 01.289016
10.0143413544, 01.304988
9.95182609558, 01.336990
9.90808391571, 01.352991
9.89144706726, 01.368985
9.86456203461, 01.400888
9.86696434021, 01.416896
9.86287307739, 01.432892
9.874958992, 01.448861
9.89154052734, 01.480854
9.8793926239, 01.496814
9.83784580231, 01.512786
9.81331157684, 01.544760
9.8249835968, 01.560742
9.85876941681, 01.576736
9.89601039886, 01.608505
9.90241146088, 01.624688
9.89593791962, 01.640693
9.84326934814, 01.656643
9.78765487671, 01.688661
9.75599861145, 01.704542
9.74920558929, 01.720653
9.73711585999, 01.752349
9.71369552612, 01.768313
9.73004245758, 01.784349
9.72138404846, 01.800433
9.73355960846, 01.832444
9.73840141296, 01.848504
9.73663806915, 01.864503
9.74448490143, 01.896443
9.73944282532, 01.912451
9.72098064423, 01.928429
9.68591403961, 01.944441
9.66429042816, 01.976353
9.65999698639, 01.992358
9.67659950256, 02.008337
9.68236732483, 02.040198
9.65848255157, 02.056361
9.61176872253, 02.072351
9.55367469788, 02.088317
9.49377250671, 02.120251
9.48389339447, 02.136297
9.48641777039, 02.152240
9.47407817841, 02.184172
9.47489356995, 02.200168
9.45954990387, 02.216173
9.44726657867, 02.232141
9.44158744812, 02.264121
9.43819522858, 02.280116
9.46300697327, 02.296090
9.49600887299, 02.327962
9.53221702576, 02.343986
9.56369590759, 02.359984
9.57168197632, 02.375980
9.57275676727, 02.407957
9.53455448151, 02.423956
9.51811790466, 02.439954
9.55827236176, 02.471885
9.59119224548, 02.487860
9.60771083832, 02.503846
9.58878517151, 02.535632
9.58098506927, 02.551795
9.59224510193, 02.567781
9.61879920959, 02.583760
9.62828159332, 02.615734
9.63513946533, 02.631653
9.62395477295, 02.647656
9.61568260193, 02.679557
9.59784984589, 02.695675
9.61961936951, 02.711611
9.6416387558, 02.727630
9.64145374298, 02.759385
9.63313961029, 02.775451
9.6357755661, 02.791404
9.63749885559, 02.823445
9.62972068787, 02.839466
9.60870742798, 02.855499
9.59543228149, 02.871505
9.57469272614, 02.903142
9.56907749176, 02.919160
9.5724811554, 02.935251
9.56690597534, 02.967314
9.57870197296, 02.983384
9.58722114563, 02.999361
9.59236431122, 03.015326
9.59177970886, 03.047301
9.58440494537, 03.063283
9.60215759277, 03.079265
9.61781978607, 03.111221
9.60266399384, 03.127200
9.60052967072, 03.143178
9.59591579437, 03.159184
9.58442592621, 03.191134
9.56958293915, 03.207131
9.54995918274, 03.223107
9.55406284332, 03.255060
9.58253192902, 03.270946
9.58891677856, 03.286919
9.60424232483, 03.318789
9.59003829956, 03.334998
9.58932209015, 03.351060
9.57647132874, 03.366982
9.58620834351, 03.399135
9.58791542053, 03.414975
9.55954647064, 03.430974
9.54437065125, 03.462760
9.5556974411, 03.478909
9.56295013428, 03.494787
9.55338954926, 03.510817
9.52946853638, 03.542774
9.51103210449, 03.558750
9.48746204376, 03.574757
9.4591550827, 03.606605
9.47078132629, 03.622683
9.4823513031, 03.638655
9.49296855927, 03.654655
9.51358032227, 03.686516
9.5184545517, 03.702593
9.5387840271, 03.718530
9.55850315094, 03.750524
9.56681537628, 03.766650
9.59506702423, 03.782237
9.63065624237, 03.798171
9.65150356293, 03.830292
9.6808385849, 03.846294
9.70698928833, 03.862362
9.72403430939, 03.894262
9.73625087738, 03.910395
9.73594379425, 03.926318
9.72305107117, 03.942294
9.7184047699, 03.974285
9.72495937347, 03.990302
9.74047756195, 04.006464
9.76007843018, 04.038394
9.7872800827, 04.054529
9.79533576965, 04.070338
9.809425354, 04.102063
9.79716300964, 04.118204
9.76627826691, 04.134225
9.76702404022, 04.150220
9.78658485413, 04.182203
9.78453159332, 04.198167
9.79366588593, 04.214148
9.7958946228, 04.245968
9.80305957794, 04.262123
9.77719593048, 04.278095
9.7578420639, 04.294076
9.73840427399, 04.326047
9.72616291046, 04.342048
9.73874473572, 04.358022
9.74347114563, 04.389882
9.75668430328, 04.405974
9.77229881287, 04.421975
9.77935695648, 04.437949
9.78038311005, 04.469877
9.77927780151, 04.486004
9.78503608704, 04.501934
9.80371856689, 04.533829
9.81979942322, 04.549889
9.83095550537, 04.565890
9.82752227783, 04.581855
9.82750225067, 04.613907
9.79618930817, 04.629813
9.78207588196, 04.645816
9.79028987885, 04.677672
9.7983789444, 04.693694
9.79026508331, 04.709796
9.80234718323, 04.725709
9.81718540192, 04.757705
9.8096704483, 04.773516
9.81435775757, 04.789362
9.81932544708, 04.821503
9.83268642426, 04.837540
9.82407283783, 04.853512
9.82781219482, 04.869517
9.83281612396, 04.901492
9.83933067322, 04.917549
9.82572937012, 04.933514
9.81421279907, 04.965492
9.79862499237, 04.981428
9.77808189392, 04.997458
9.75835895538, 05.029228
9.75165081024, 05.045411
9.76296043396, 05.061407
9.78274536133, 05.077388
9.79625988007, 05.109358
9.80314159393, 05.125329
9.78645610809, 05.141311
9.78676795959, 05.173130
9.78260040283, 05.189290
9.79646873474, 05.205261
9.80236148834, 05.221258
9.80293178558, 05.253259
9.79194545746, 05.269235
9.80135440826, 05.285205
9.79185581207, 05.317077
9.78251552582, 05.333161
9.78391933441, 05.349158
9.77306556702, 05.365131
9.758020401, 05.397105
9.74364852905, 05.413110
9.75267410278, 05.429107
9.75191020966, 05.460934
9.75880336761, 05.477059
9.75042533875, 05.492992
9.73765659332, 05.509027
9.73588752747, 05.540964
9.74215507507, 05.557002
9.73752403259, 05.573010
9.7233581543, 05.604893
9.7015542984, 05.620905
9.69408798218, 05.636869
9.69920921326, 05.652837
9.69819259644, 05.684812
9.69978237152, 05.700821
9.69725894928, 05.716793
9.69654178619, 05.748772
9.69256877899, 05.764743
9.69934844971, 05.780500
9.68123435974, 05.812437
9.6676864624, 05.828695
9.68329238892, 05.844668
9.69648265839, 05.860584
9.71451854706, 05.892588
9.72498893738, 05.908486
9.73712158203, 05.924487
9.75565242767, 05.956383
9.77564811707, 05.972490
9.78255844116, 05.988602
9.79221343994, 06.004513
9.81953907013, 06.036494
9.82064247131, 06.052466
9.79348659515, 06.068440
9.79680728912, 06.100213
9.80917263031, 06.116376
9.81283855438, 06.132388
9.80860710144, 06.148366
9.79041290283, 06.180373
9.78877639771, 06.196340
9.80354690552, 06.212336
9.80745124817, 06.244230
9.81095981598, 06.260271
9.80702209473, 06.276307
9.78847980499, 06.292272
9.78349304199, 06.324239
9.78410339355, 06.340223
9.78571510315, 06.356113
9.79530143738, 06.388154
9.78067779541, 06.404170
9.76524734497, 06.420139
9.74482440948, 06.436146
9.74072933197, 06.467995
9.73392963409, 06.484096
9.7525510788, 06.499984
9.75716686249, 06.532102
9.75462627411, 06.548048
9.77900314331, 06.564007
9.78644371033, 06.595747
9.80081272125, 06.612148
9.8040599823, 06.627728
9.82605838776, 06.643728
9.8258523941, 06.675651
9.8217010498, 06.691651
9.82458209991, 06.707724
9.8210811615, 06.739672
9.80291175842, 06.755830
9.80266952515, 06.771763
9.82464408875, 06.787573
9.82783222198, 06.819702
9.81909751892, 06.835697
9.79278850555, 06.851692
9.81279659271, 06.883568
9.84293842316, 06.899633
9.86400985718, 06.915647
9.88650608063, 06.931624
9.90788650513, 06.963675
9.90585517883, 06.979653
9.88344097137, 06.995646
9.86939525604, 07.027572
9.88049697876, 07.043598
9.86915016174, 07.059556
9.84442424774, 07.075545
9.83253002167, 07.107566
9.84790992737, 07.123569
9.86614990234, 07.139543
9.87550640106, 07.171447
9.84670352936, 07.187479
9.81689548492, 07.203419
9.79417228699, 07.219581
9.80818748474, 07.251431
9.8139295578, 07.267441
9.78043079376, 07.283369
9.7496099472, 07.315392
9.75542926788, 07.331298
9.72801971436, 07.347351
9.57792186737, 07.379077
9.34100151062, 07.395260
9.47442913055, 07.411254
8.85408973694, 07.427238
-3.16862106323, 07.459201
-4.80035877228, 07.475179
-3.15756845474, 07.491178
-3.36166334152, 07.522986
-4.44164419174, 07.539155
-4.54960441589, 07.555131
-2.85602593422, 07.571102
-2.1214530468, 07.603085
-7.69104814529, 07.619056
-12.6064462662, 07.635061
-11.8376121521, 07.666914
-12.906255722, 07.683008
-13.101858139, 07.699013
-11.8691654205, 07.714978
-10.6339015961, 07.746953
-9.22220993042, 07.762959
-8.11629295349, 07.778954
-8.3785943985, 07.810696
-7.81314229965, 07.826781
-7.82717847824, 07.842780
-7.03315639496, 07.858789
-5.79608678818, 07.890775
-4.70500469208, 07.906625
-3.4351606369, 07.922706
-2.36468076706, 07.954729
-1.68667221069, 07.970786
-0.889034032822, 07.986765
-0.193044811487, 08.002742
-0.0971169769764, 08.034721
0.234948322177, 08.050717
1.11442768574, 08.066691
3.13752126694, 08.098690
5.38541078568, 08.114699
7.97110652924, 08.130692
10.2847261429, 08.146679
12.6633796692, 08.178562
15.1999578476, 08.194609
17.7119121552, 08.210599
19.1891345978, 08.242577
19.3976135254, 08.258555
19.5075511932, 08.274518
19.1654033661, 08.306251
18.6483268738, 08.322474
18.381280899, 08.338476
18.4599380493, 08.354394
19.2525119781, 08.386434
19.9588718414, 08.402175
20.6664772034, 08.418286
21.9413509369, 08.450243
23.2365341187, 08.466358
25.7423496246, 08.482357
27.1928482056, 08.498350
27.4371871948, 08.530307
27.398607254, 08.546277
26.873960495, 08.562276
26.3206291199, 08.594050
27.1712303162, 08.610210
28.5523357391, 08.626230
28.6856136322, 08.642230
29.5483951569, 08.674211
30.2520866394, 08.690182
29.0703029633, 08.706175
27.8307800293, 08.738065
27.2352848053, 08.754126
26.9891452789, 08.770162
26.6748809814, 08.786099
26.2372913361, 08.817926
25.7208843231, 08.833944
24.9422740936, 08.849997
22.4664916992, 08.881949
19.0841999054, 08.898010
17.0688457489, 08.913974
16.28373909, 08.930021
15.3539600372, 08.961949
14.5055646896, 08.978038
14.0178184509, 08.993912
13.8336791992, 09.025881
13.5905399323, 09.041878
13.4896335602, 09.057857
13.4204597473, 09.073820
13.285733223, 09.105795
13.1338825226, 09.121799
13.0465669632, 09.137778
12.9449214935, 09.169747
12.8288784027, 09.185896
12.7516117096, 09.201684
12.6954727173, 09.233555
12.6157741547, 09.249703
12.5088815689, 09.265703
12.3770809174, 09.281672
12.1554546356, 09.313646
11.907995224, 09.329627
11.8045072556, 09.345602
11.7194795609, 09.377436
11.5621910095, 09.393527
11.2969102859, 09.409523
10.8635902405, 09.425499
10.8986492157, 09.457502
10.9506578445, 09.473553
10.7787389755, 09.489450
10.5463848114, 09.521359
10.5075283051, 09.537461
10.6150665283, 09.553437
10.5547866821, 09.569433
10.3748788834, 09.601391
10.1837015152, 09.617312
9.64461135864, 09.633367
8.45807552338, 09.665232
7.36587572098, 09.681313
7.15948820114, 09.697311
7.36348438263, 09.713341
7.61850309372, 09.745261
7.75524616241, 09.761406
7.59382152557, 09.777086
7.22136545181, 09.809202
6.50843381882, 09.824797
6.09516143799, 09.840723
6.12136936188, 09.856717
5.83898305893, 09.888696
5.22484302521, 09.905088
4.96563434601, 09.920948
5.0141377449, 09.953175
5.50441598892, 09.969017
5.9431886673, 09.984998
6.34028816223, 10.000693
6.75714015961, 10.032935
7.05959844589, 10.048974
7.29656744003, 10.064947
7.41665410995, 10.096998
7.48478937149, 10.112946
7.78983259201, 10.128873
8.07339763641, 10.160663
8.25022888184, 10.176875
9.23172187805, 10.192824
10.5746393204, 10.208823
11.8496789932, 10.240821
12.3300714493, 10.256796
12.3024587631, 10.272798
12.1972999573, 10.304629
12.2238521576, 10.320744
12.3142814636, 10.336724
12.2191133499, 10.352700
12.0990190506, 10.384647
12.0153036118, 10.400618
11.9960021973, 10.416626
12.0321674347, 10.448500
12.2223024368, 10.464631
12.3788824081, 10.480572
12.5326480865, 10.496606
12.5977258682, 10.528544
12.5457229614, 10.544521
12.6275997162, 10.560497
12.7508926392, 10.592446
12.8612833023, 10.608512
13.0195922852, 10.624471
13.4838638306, 10.640442
13.7012681961, 10.672415
13.6547431946, 10.688418
13.5554771423, 10.704400
13.4867305756, 10.736416
13.4629573822, 10.752343
13.5043773651, 10.768345
13.4971647263, 10.784341
13.4889688492, 10.816172
13.507235527, 10.832087
13.4718923569, 10.848062
13.4419994354, 10.880037
13.5176057816, 10.895994
13.4746513367, 10.912115
13.2951459885, 10.943915
13.1630353928, 10.960118
13.118060112, 10.976118
13.0408973694, 10.992089
12.912311554, 11.024149
12.7896261215, 11.040147
12.7105207443, 11.056127
12.6441783905, 11.087881
12.5662412643, 11.103942
12.5050954819, 11.119874
12.4302396774, 11.136054
12.3492136002, 11.167959
12.2382326126, 11.183970
12.1183919907, 11.199999
11.9789247513, 11.231851
11.9211730957, 11.247944
11.9804458618, 11.263942
12.0102567673, 11.279863
11.8863868713, 11.311835
11.7528886795, 11.327837
11.7071847916, 11.343818
11.6803302765, 11.375728
11.5297079086, 11.391769
11.4814167023, 11.407735
11.4730939865, 11.423741
11.468372345, 11.455682
11.4841051102, 11.471683
11.4722099304, 11.487662
11.4010019302, 11.519588
11.3419523239, 11.535595
11.3073034286, 11.551606
11.2338552475, 11.567563
11.1525392532, 11.599589
11.0692806244, 11.615561
10.9011259079, 11.631589
10.6533212662, 11.663563
10.5292873383, 11.679691
10.412976265, 11.695567
10.2023086548, 11.711513
9.99887657166, 11.743489
10.0148715973, 11.759439
10.0970745087, 11.775493
9.95018005371, 11.807343
9.62861061096, 11.823089
9.3699426651, 11.839177
9.36580371857, 11.871055
9.4454498291, 11.887209
9.45933818817, 11.903313
9.52178573608, 11.919253
9.70693206787, 11.951287
9.8893699646, 11.967226
9.98830509186, 11.983258
10.0035104752, 12.015092
10.0225687027, 12.031185
10.0526266098, 12.047191
10.1237592697, 12.063162
10.199713707, 12.095134
10.2874240875, 12.111123
10.3704862595, 12.127108
10.4633512497, 12.159022
10.4674510956, 12.175126
10.4843139648, 12.191102
10.5815057755, 12.207109
10.7206296921, 12.239053
10.7481822968, 12.255021
10.6883468628, 12.270980
10.6362485886, 12.302933
10.6534662247, 12.318971
10.6901388168, 12.335028
10.718082428, 12.350974
10.7574338913, 12.382971
10.8111181259, 12.398902
10.8249073029, 12.414813
10.813328743, 12.446874
10.8331298828, 12.462872
10.8031082153, 12.478846
10.7546920776, 12.494817
10.7128210068, 12.526798
10.7008647919, 12.542774
10.7133169174, 12.558838
10.7256116867, 12.590724
10.7859334946, 12.606716
10.8867721558, 12.622696
11.0002803802, 12.654495
11.0845890045, 12.670661
11.1157312393, 12.686622
11.1312570572, 12.702503
11.1471738815, 12.734560
11.1514968872, 12.750598
11.1815824509, 12.766574
11.2545442581, 12.798431
11.3616838455, 12.814561
11.4539213181, 12.830273
11.5180959702, 12.846247
11.6694059372, 12.878220
11.8653316498, 12.894223
11.9094114304, 12.910196
11.8389873505, 12.942141
11.7958450317, 12.958148
11.8061771393, 12.974241
11.8284025192, 12.990224
11.833032608, 13.022141
11.8122673035, 13.038199
11.8010053635, 13.054176
11.7607364655, 13.086231
11.6829862595, 13.102274
11.6383171082, 13.118245
11.6644277573, 13.134251
11.632478714, 13.166197
11.6066598892, 13.182198
11.6074934006, 13.198249
11.6590108871, 13.230179
11.7003717422, 13.246190
11.6919803619, 13.262166
11.6389551163, 13.278125
11.6210613251, 13.310139
11.6702871323, 13.326114
11.6752414703, 13.342086
11.6335344315, 13.374512
11.5863819122, 13.389940
11.6217403412, 13.405912
11.6737623215, 13.437766
11.6714935303, 13.453850
11.6348009109, 13.469832
11.5941457748, 13.485925
11.634018898, 13.517836
11.6434078217, 13.533894
11.5862016678, 13.549897
11.5219516754, 13.581663
11.4868650436, 13.597844
11.5262336731, 13.613815
11.545293808, 13.629817
11.5333890915, 13.661721
11.5025129318, 13.677792
11.5206775665, 13.693764
11.5291318893, 13.725520
11.5135297775, 13.741628
11.4406471252, 13.757743
11.394695282, 13.773676
11.4009685516, 13.805653
11.4253158569, 13.821726
11.4224977493, 13.837393
11.4135303497, 13.869363
11.3773365021, 13.885358
11.4018259048, 13.901357
11.4279870987, 13.917354
11.426074028, 13.949479
11.377907753, 13.965483
11.3468351364, 13.981460
11.3301324844, 14.013444
11.3346300125, 14.029437
11.3403739929, 14.045408
11.3233394623, 14.061448
11.3550825119, 14.093404
11.413403511, 14.109394
11.4320402145, 14.125360
11.4147806168, 14.157366
11.366900444, 14.173357
11.3501672745, 14.189328
11.36332798, 14.221128
11.4033641815, 14.237277
11.392493248, 14.253273
11.3676786423, 14.269273
11.3981170654, 14.301263
11.4391508102, 14.317222
11.4685001373, 14.333230
11.4677000046, 14.365015
11.4575119019, 14.381099
11.4578104019, 14.397147
11.4579381943, 14.413093
11.4720087051, 14.445074
11.4514122009, 14.461071
11.4567089081, 14.477048
11.4966573715, 14.508889
11.5295886993, 14.524975
11.5487661362, 14.540950
11.5443458557, 14.556960
11.561674118, 14.588880
11.5471773148, 14.604926
11.5148715973, 14.620922
11.5185184479, 14.652874
11.5198364258, 14.668844
11.5207223892, 14.684806
11.5358285904, 14.700858
11.5458688736, 14.732711
11.5212678909, 14.748754
11.5075807571, 14.764742
11.4854469299, 14.796697
11.4784240723, 14.812700
11.4789438248, 14.828584
11.4719438553, 14.844401
11.4527921677, 14.876444
11.4137620926, 14.892469
11.4006662369, 14.908498
11.3992424011, 14.940366
11.4019298553, 14.956413
11.4187850952, 14.972449
11.423699379, 15.004281
11.4286413193, 15.020426
11.3980226517, 15.036400
11.3912858963, 15.052398
11.3893623352, 15.084349
11.3903245926, 15.100267
11.4140262604, 15.116350
11.3921756744, 15.148188
11.3685045242, 15.164287
11.3725891113, 15.180280
11.3707828522, 15.196265
11.3856639862, 15.228321
11.4052200317, 15.244263
11.3952522278, 15.260281
11.3790187836, 15.292162
11.3522033691, 15.308255
11.3438673019, 15.324234
11.3913755417, 15.340218
11.4229946136, 15.372203
11.4212818146, 15.388175
11.4037752151, 15.404180
11.3870506287, 15.436289
11.3760128021, 15.451798
11.4048166275, 15.467760
11.4208431244, 15.483728
11.4221525192, 15.515902
11.4134273529, 15.531875
11.3985300064, 15.547981
11.3510227203, 15.580080
11.328540802, 15.595644
11.3511419296, 15.611627
11.3968477249, 15.627629
11.426782608, 15.659562
11.4273118973, 15.675597
11.3945493698, 15.691610
11.3866024017, 15.723559
11.4152679443, 15.739654
11.4471092224, 15.755628
11.4562988281, 15.787566
11.436378479, 15.803681
11.3912363052, 15.819679
11.3924436569, 15.835612
11.4056224823, 15.867368
11.4184179306, 15.883558
11.4103088379, 15.899555
11.4024276733, 15.931494
11.3843078613, 15.947646
11.3820228577, 15.963639
11.3722715378, 15.979605
11.3589897156, 16.011496
11.3567886353, 16.027585
11.3799114227, 16.043502
11.3830366135, 16.075467
11.3741674423, 16.091488
11.3600502014, 16.107463
11.3397760391, 16.123473
11.3183708191, 16.155442
11.3342494965, 16.171418
11.3559389114, 16.187427
11.3697986603, 16.219298
11.3512325287, 16.235393
11.3199033737, 16.251367
11.3091096878, 16.267337
11.3250141144, 16.299334
11.3370265961, 16.315249
11.3443088531, 16.331313
11.3410263062, 16.363291
11.2994642258, 16.379153
11.239730835, 16.395290
11.2072038651, 16.427029
11.2275485992, 16.443212
11.2368440628, 16.459195
11.2125024796, 16.475185
11.196346283, 16.507193
11.2003517151, 16.523136
11.2051715851, 16.539136
11.1783275604, 16.570974
11.1749792099, 16.587088
11.2007474899, 16.603031
11.2035551071, 16.618921
11.1951084137, 16.650875
11.1927604675, 16.666958
11.2435903549, 16.682857
11.2789983749, 16.714732
11.2852783203, 16.730856
11.2621669769, 16.746833
11.2115030289, 16.762756
11.196146965, 16.794776
11.2036552429, 16.810907
11.2260866165, 16.826852
11.2625513077, 16.858653
11.2885551453, 16.874604
11.2472410202, 16.890701
11.2043924332, 16.906811
11.1900758743, 16.938966
11.1989469528, 16.954796
11.2038383484, 16.970758
11.2065725327, 17.002687
11.2266798019, 17.018648
11.2377252579, 17.034977
11.232293129, 17.050723
11.1977291107, 17.082696
11.2043418884, 17.098697
11.2164745331, 17.114673
11.2465419769, 17.146643
11.251996994, 17.162650
11.2356758118, 17.178623
11.239692688, 17.210388
11.2299089432, 17.226561
11.2412605286, 17.242575
11.2598266602, 17.258546
11.2909812927, 17.290525
11.280459404, 17.306493
11.2903308868, 17.322514
11.2803440094, 17.354304
11.2377901077, 17.370448
11.2458744049, 17.386424
11.263212204, 17.402397
11.287197113, 17.434515
11.3095808029, 17.450207
11.3201618195, 17.466283
11.3374233246, 17.498180
11.3464927673, 17.514261
11.3669195175, 17.530233
11.38991642, 17.546207
11.3864593506, 17.578184
11.3934373856, 17.594158
11.3889732361, 17.610153
11.3613319397, 17.642064
11.3545303345, 17.658103
11.3519029617, 17.674079
11.376865387, 17.690060
11.3766517639, 17.722031
11.362528801, 17.738000
11.3726549149, 17.753987
11.3408851624, 17.785935
11.3646850586, 17.801929
11.4005527496, 17.817931
11.4147939682, 17.833905
11.4154939651, 17.865640
11.3746843338, 17.881648
11.3626298904, 17.897718
11.3613929749, 17.929693
11.3586864471, 17.945808
11.3646697998, 17.961802
11.3656568527, 17.993581
11.3781290054, 18.009756
11.3624486923, 18.025734
11.3157863617, 18.041733
11.3069906235, 18.073709
11.3145236969, 18.089708
11.3778429031, 18.105671
11.4263353348, 18.137491
11.401922226, 18.153609
11.4606132507, 18.169582
11.5391159058, 18.185552
11.6956310272, 18.217533
11.8367033005, 18.233533
11.8443212509, 18.249509
11.7688274384, 18.281395
11.7188472748, 18.297414
11.7124137878, 18.313429
11.7426509857, 18.329430
11.7583532333, 18.361405
11.7682991028, 18.377382
11.7176246643, 18.393359
11.6629886627, 18.425268
11.5915327072, 18.441328
11.5565252304, 18.457303
11.5818510056, 18.473303
11.5800790787, 18.505266
11.5286769867, 18.521278
11.4338827133, 18.537249
11.3494415283, 18.569233
11.3003368378, 18.585207
11.2870073318, 18.601202
11.2832479477, 18.632772
11.2704334259, 18.648964
11.2257356644, 18.664983
11.1806154251, 18.681065
11.16056633, 18.712999
11.1657361984, 18.729080
11.1714067459, 18.745059
11.1840209961, 18.776943
11.2231216431, 18.793002
11.2518005371, 18.808972
11.2421560287, 18.824951
11.2233047485, 18.856906
11.2141513824, 18.872656
11.1850500107, 18.888721
11.1470355988, 18.920725
11.0993814468, 18.936741
11.0752954483, 18.952842
11.0501899719, 18.968880
11.0433397293, 19.000867
11.0637493134, 19.016805
11.06802845, 19.032623
11.0985336304, 19.064580
11.1209220886, 19.080500
11.0821685791, 19.096469
11.0013093948, 19.128335
10.9617805481, 19.144656
10.9709587097, 19.160632
10.905415535, 19.176626
10.8004398346, 19.208579
10.7330989838, 19.224482
10.7596330643, 19.240551
10.7943048477, 19.272404
10.7925510406, 19.288507
10.7530498505, 19.304469
10.7120904922, 19.320476
10.7149333954, 19.352427
10.7217645645, 19.368402
10.7244148254, 19.384400
10.7116737366, 19.416327
10.6653194427, 19.432384
10.6218452454, 19.448374
10.6067695618, 19.464351
10.6521177292, 19.496323
10.6750545502, 19.512303
10.6718883514, 19.528276
10.6717338562, 19.560284
10.6909599304, 19.576261
10.7221679688, 19.592226
10.7336997986, 19.608145
10.683221817, 19.640185
10.6296815872, 19.656185
10.6158485413, 19.672154
10.58751297, 19.704091
10.5809116364, 19.720204
10.5949220657, 19.736133
10.6209182739, 19.767910
10.6448411942, 19.784193
10.6645755768, 19.800051
10.7359886169, 19.816055
10.818365097, 19.847998
10.7796192169, 19.863711
10.7085647583, 19.879767
10.6340637207, 19.911731
10.6100406647, 19.927766
10.6290597916, 19.943891
10.6534233093, 19.959854
10.6218423843, 19.991834
10.5748281479, 20.007866
10.537856102, 20.023873
10.532576561, 20.055834
10.545958519, 20.071535
10.560874939, 20.087443
10.5510778427, 20.103458
10.5019521713, 20.135554
10.4930086136, 20.151635
10.5121860504, 20.167538
10.5303754807, 20.199631
10.5514640808, 20.215602
10.5817680359, 20.231601
10.5911941528, 20.263492
10.6046009064, 20.279637
10.602973938, 20.295620
10.5930166245, 20.311590
10.5936117172, 20.343486
10.5727424622, 20.359570
10.558139801, 20.375570
10.5607414246, 20.407421
10.5874414444, 20.423521
10.6016902924, 20.439525
10.5813865662, 20.455463
10.5425024033, 20.487468
10.4960231781, 20.503463
10.4621686935, 20.519445
10.4503698349, 20.551303
10.4487819672, 20.567397
10.5301809311, 20.583363
10.6259126663, 20.599372
10.6003332138, 20.631340
10.5308704376, 20.647312
10.5195846558, 20.663318
10.5639781952, 20.695257
10.5586538315, 20.711267
10.4560108185, 20.727248
10.3878793716, 20.743191
10.4911394119, 20.775194
10.6045703888, 20.791168
10.6617155075, 20.807106
10.6704730988, 20.839117
10.648267746, 20.855119
10.6105661392, 20.871174
10.565117836, 20.902836
10.5432548523, 20.919001
10.5695352554, 20.935041
10.597114563, 20.951020
10.5997238159, 20.982992
10.6034851074, 20.998974
10.6294183731, 21.014970
10.5502033234, 21.046811
10.4104175568, 21.062922
10.3954601288, 21.078892
10.5012283325, 21.094897
10.6108198166, 21.126887
10.619799614, 21.142894
10.5622854233, 21.158824
10.5802564621, 21.190650
10.5651893616, 21.206784
10.4255886078, 21.222642
10.2912683487, 21.238759
10.2341861725, 21.270710
10.2923812866, 21.286688
10.3532218933, 21.302638
10.3908939362, 21.334631
10.4190120697, 21.350517
10.4559030533, 21.366573
10.4856500626, 21.382572
10.444144249, 21.414519
10.3331928253, 21.430537
10.3009557724, 21.446523
10.3181858063, 21.478465
10.2870769501, 21.494486
10.2033309937, 21.510407
10.1313304901, 21.542180
10.139544487, 21.558366
10.1436815262, 21.574406
10.0786552429, 21.590337
10.0302877426, 21.622355
10.0185155869, 21.638286
10.0145778656, 21.654302
9.99817180634, 21.686120
9.92723655701, 21.702339
9.91708469391, 21.718250
9.99498176575, 21.734255
10.0223054886, 21.766228
10.0251216888, 21.782191
10.0144443512, 21.798204
9.96517944336, 21.830055
9.96461677551, 21.846141
10.0265312195, 21.862190
10.005156517, 21.877815
9.86198711395, 21.909882
9.88242053986, 21.925960
10.166967392, 21.941941
10.2343225479, 21.973874
10.0356407166, 21.989919
9.80398750305, 22.006029
9.80379962921, 22.022000
9.83373641968, 22.053790
9.76713562012, 22.069731
9.56158828735, 22.085705
9.5147600174, 22.117903
9.62370491028, 22.133856
9.59444618225, 22.149922
9.34486961365, 22.165891
9.19071674347, 22.197828
9.1674413681, 22.213807
9.17388057709, 22.229762
9.08291816711, 22.261775
8.97132968903, 22.277719
8.93455314636, 22.293726
8.98550033569, 22.325492
8.99052047729, 22.341632
8.9152765274, 22.357674
8.87752342224, 22.373511
8.9140996933, 22.405349
8.96144485474, 22.421351
8.93599510193, 22.437326
8.88715648651, 22.469143
8.84905433655, 22.485370
8.81982803345, 22.501478
8.8317155838, 22.517519
8.82552433014, 22.549537
8.8153886795, 22.565476
8.82708072662, 22.581377
8.81905841827, 22.613295
8.78052806854, 22.629363
8.79284954071, 22.645363
8.79871940613, 22.661337
8.75778102875, 22.693313
8.72365760803, 22.709270
8.79983997345, 22.725281
8.86758708954, 22.756971
8.88319683075, 22.773141
8.79709529877, 22.789209
8.74816131592, 22.805200
8.78009223938, 22.837188
8.786444664, 22.853053
8.74817276001, 22.869164
8.65986824036, 22.900895
8.65276527405, 22.917068
8.70373535156, 22.933077
8.69840049744, 22.949088
8.63385772705, 22.981062
8.61831855774, 22.997035
8.65354633331, 23.013070
8.71105670929, 23.045011
8.65148258209, 23.061002
8.58733177185, 23.076990
8.61607933044, 23.108798
8.6429233551, 23.124959
8.60991001129, 23.140971
8.56287765503, 23.156932
8.55805301666, 23.188875
8.57867908478, 23.204884
8.56154823303, 23.220884
8.49764347076, 23.252801
8.48468017578, 23.268809
8.51148033142, 23.284781
8.54727745056, 23.300750
8.55184555054, 23.332793
8.50908946991, 23.348737
8.49477767944, 23.364730
8.52464389801, 23.396536
8.51790618896, 23.412592
8.49227809906, 23.428448
8.44831180573, 23.444460
8.44641876221, 23.476540
8.4838180542, 23.492506
8.48785495758, 23.508581
8.44838237762, 23.540399
8.40556526184, 23.556366
8.41735172272, 23.572373
8.4537563324, 23.588490
8.45826911926, 23.620433
8.41900539398, 23.636344
8.40139865875, 23.652412
8.43306446075, 23.684380
8.46276187897, 23.700270
8.43876171112, 23.716317
8.40797519684, 23.748125
8.40395927429, 23.764369
8.38928222656, 23.780311
8.35278129578, 23.796307
8.31591892242, 23.828323
8.2895488739, 23.844303
8.2764339447, 23.860280
8.27613830566, 23.891869
8.27833843231, 23.907968
8.26899242401, 23.924001
8.24447250366, 23.940104
8.23579311371, 23.972112
8.23909854889, 23.988110
8.2297372818, 24.004104
8.22249126434, 24.035944
8.22766113281, 24.051993
8.23966217041, 24.068006
8.23968601227, 24.083972
8.21414470673, 24.115948
8.19667720795, 24.131928
8.20589733124, 24.147925
8.2046661377, 24.179872
8.18114948273, 24.195875
8.15945911407, 24.211873
8.15741157532, 24.227830
8.18843173981, 24.259844
8.19467163086, 24.275851
8.16822242737, 24.291850
8.14736652374, 24.323749
8.14201164246, 24.339752
8.15282821655, 24.355725
8.16354179382, 24.387490
8.15088844299, 24.403673
8.14369106293, 24.419640
8.15145015717, 24.435644
8.17602920532, 24.467606
8.18712711334, 24.483578
8.18239212036, 24.499578
8.15885448456, 24.531394
8.17072486877, 24.547527
8.16307640076, 24.563526
8.12249946594, 24.579497
8.08050251007, 24.611475
8.06722545624, 24.627449
8.08860683441, 24.643423
8.1153011322, 24.675277
8.10711288452, 24.691422
8.07406616211, 24.707397
8.08775138855, 24.723367
8.09369182587, 24.755348
8.09052276611, 24.771325
8.09114265442, 24.787301
8.11657142639, 24.819209
8.15713977814, 24.835298
8.1688785553, 24.851228
8.15086364746, 24.867220
8.14559555054, 24.898954
8.1655921936, 24.915048
8.17423248291, 24.931142
8.16243171692, 24.963115
8.14345645905, 24.979124
8.16917800903, 24.995127
8.22096347809, 25.011092
8.22207641602, 25.043074
8.20817565918, 25.058999
8.20290470123, 25.075051
8.22105503082, 25.106982
8.24028873444, 25.122997
8.22740840912, 25.138973
8.21359825134, 25.170773
8.21641540527, 25.186902
8.22382831573, 25.202901
8.22801971436, 25.218875
8.22907829285, 25.250780
8.22410202026, 25.266852
8.23260879517, 25.282855
8.24804019928, 25.314631
8.24101448059, 25.330749
8.2318239212, 25.346865
8.23636054993, 25.362716
8.25834274292, 25.394724
8.27761173248, 25.410693
8.28104400635, 25.426619
8.28141880035, 25.458554
8.27679347992, 25.474628
8.28137779236, 25.490592
8.26916599274, 25.506561
8.27641010284, 25.538547
8.27648258209, 25.554550
8.30101299286, 25.570522
8.32499027252, 25.602464
8.34326457977, 25.618392
8.3273859024, 25.634472
8.32058334351, 25.650444
8.32723426819, 25.682422
8.32331371307, 25.698398
8.3169670105, 25.714395
8.30650138855, 25.746332
8.32366847992, 25.762297
8.33808422089, 25.778404
8.3470582962, 25.794407
8.31789588928, 25.826360
8.29591274261, 25.842359
8.29680919647, 25.858332
8.30864620209, 25.890308
8.29226493835, 25.906009
8.26957893372, 25.922061
8.26775169373, 25.954044
8.27552127838, 25.970234
8.2828950882, 25.986209
8.26258087158, 26.002208
8.24551677704, 26.034162
8.24806976318, 26.050133
8.25850486755, 26.066086
8.25231838226, 26.097952
8.22791671753, 26.113897
8.21593284607, 26.129869
8.22624492645, 26.145870
8.24433422089, 26.177930
8.25835800171, 26.193958
8.24990749359, 26.209959
8.24796009064, 26.241878
8.25028133392, 26.257951
8.25615406036, 26.273937
8.25956439972, 26.289906
8.24576091766, 26.321906
8.23968410492, 26.337908
8.24065876007, 26.353906
8.24307155609, 26.385834
8.22253036499, 26.401827
8.23211669922, 26.417826
8.24884700775, 26.433800
8.24182605743, 26.465741
8.239402771, 26.481742
8.2650604248, 26.497637
8.28511428833, 26.529689
8.29506015778, 26.545664
8.28862285614, 26.561680
8.25858020782, 26.593419
8.25734996796, 26.609629
8.25205421448, 26.625601
8.26172637939, 26.641607
8.2684431076, 26.673541
8.27035713196, 26.689556
8.26737594604, 26.705543
8.29243278503, 26.737347
8.29213428497, 26.753506
8.2889251709, 26.769455
8.28563213348, 26.785111
8.29472064972, 26.817162
8.31135177612, 26.833094
8.31617450714, 26.849104
8.29883956909, 26.881036
8.29299545288, 26.897161
8.30003452301, 26.913232
8.30540275574, 26.929220
8.29202461243, 26.961126
8.27509498596, 26.977201
8.25972747803, 26.993169
8.25343227386, 27.025086
8.27061271667, 27.041191
8.26945781708, 27.057162
8.29015922546, 27.073159
8.3052110672, 27.105103
8.31957054138, 27.121105
8.32545757294, 27.137077
8.32673549652, 27.169043
8.33560848236, 27.185042
8.34793567657, 27.201009
8.32685279846, 27.217009
8.30568504333, 27.248991
8.31471633911, 27.264963
8.31398010254, 27.280964
8.29200839996, 27.312928
8.27878475189, 27.328934
8.26510047913, 27.344909
8.26622581482, 27.376675
8.28410816193, 27.392885
8.28939533234, 27.408863
8.28485393524, 27.424834
8.27053356171, 27.456840
8.27346992493, 27.472630
8.28215312958, 27.488735
8.26543807983, 27.520601
8.24723434448, 27.536764
8.2427740097, 27.552737
8.2351064682, 27.568735
8.21116542816, 27.600683
8.19391345978, 27.616667
8.16727352142, 27.632663
8.17241668701, 27.664531
8.16815471649, 27.680621
8.16957855225, 27.696607
8.14436817169, 27.712516
8.13584041595, 27.744522
8.11932849884, 27.760512
8.11285400391, 27.776559
8.0960111618, 27.808488
8.10409927368, 27.824510
8.13134860992, 27.840491
8.12693786621, 27.856481
8.1319360733, 27.888451
8.13128948212, 27.904353
8.14392471313, 27.920111
8.13598632812, 27.952231
8.13731002808, 27.968122
8.12745666504, 27.984262
8.14124965668, 28.000264
8.14293193817, 28.032248
8.15518569946, 28.048226
8.1473236084, 28.064227
8.13416099548, 28.096313
8.13516330719, 28.112313
8.13892936707, 28.128283
8.13155460358, 28.159923
8.11121749878, 28.175836
8.09656906128, 28.191969
8.10115718842, 28.207957
8.11620235443, 28.240042
8.10751438141, 28.255993
8.09614276886, 28.271979
8.0828962326, 28.303906
8.08016681671, 28.320000
8.09177684784, 28.336069
8.0871963501, 28.352086
8.07998275757, 28.384067
8.07015419006, 28.400071
8.08888530731, 28.416064
8.09690189362, 28.447880
8.10025596619, 28.463985
8.09527683258, 28.479961
8.10007476807, 28.495934
8.10523986816, 28.527945
8.10935401917, 28.543907
8.09847545624, 28.559877
8.08926486969, 28.591784
8.08040904999, 28.607845
8.09100437164, 28.623855
8.10265827179, 28.639861
8.10276508331, 28.671795
8.11322975159, 28.687781
8.09846019745, 28.703808
8.10464477539, 28.735714
8.11298656464, 28.751729
8.1216506958, 28.767677
8.12948799133, 28.783704
8.11967563629, 28.815683
8.09428215027, 28.831651
8.056640625, 28.847655
8.05357646942, 28.879598
8.06045913696, 28.895631
8.04969215393, 28.912108
8.03677463531, 28.927272
8.0241355896, 28.959315
8.02397346497, 28.975357
8.03170394897, 28.991279
8.0422744751, 29.023405
8.04796028137, 29.039378
8.05189704895, 29.055379
8.06495380402, 29.087196
8.03840732574, 29.103431
8.0274143219, 29.119378
8.02236557007, 29.135374
8.02054309845, 29.167344
8.02757644653, 29.183212
8.02756977081, 29.199327
8.008893013, 29.231153
7.99466753006, 29.247258
7.99040174484, 29.263247
7.99404001236, 29.279255
8.015001297, 29.311204
8.02783489227, 29.327181
8.03944396973, 29.343178
8.05411434174, 29.375061
8.04648399353, 29.391129
8.04786300659, 29.407096
8.06419277191, 29.423072
8.07227134705, 29.455007
8.08893871307, 29.471100
8.07825565338, 29.487111
8.10273170471, 29.519044
8.10152053833, 29.535062
8.10350704193, 29.551137
8.10490322113, 29.567000
8.09955310822, 29.598983
8.11049556732, 29.614970
8.11584568024, 29.630952
8.11771965027, 29.662924
8.12309837341, 29.678900
8.12587356567, 29.694876
8.1457567215, 29.710882
8.1603975296, 29.742848
8.18189620972, 29.758741
8.19915771484, 29.774779
8.19277954102, 29.806857
8.211977005, 29.822784
8.20982646942, 29.838746
8.21381950378, 29.870577
8.21098518372, 29.886752
8.20623397827, 29.902777
8.2083234787, 29.918587
8.20834064484, 29.950465
8.20374774933, 29.966440
8.19710254669, 29.982442
8.17156219482, 30.014373
8.16348171234, 30.030421
8.16345691681, 30.046412
8.14329528809, 30.062390
8.1531867981, 30.094363
8.15197467804, 30.110334
8.17118740082, 30.126342
8.17750644684, 30.158257
8.17694377899, 30.174390
8.15371990204, 30.190386
8.15696907043, 30.206357
8.1598482132, 30.238332
8.159075737, 30.254406
8.1770772934, 30.270377
8.18958854675, 30.302349
8.19677257538, 30.318366
8.18862628937, 30.334411
8.18669223785, 30.350371
8.17455863953, 30.382135
8.16839504242, 30.398108
8.16877365112, 30.414109
8.16789627075, 30.446057
8.16196727753, 30.462125
8.15804767609, 30.478197
8.16479969025, 30.494217
8.15739917755, 30.526171
8.16691207886, 30.542212
8.15702915192, 30.558173
8.13806247711, 30.590159
8.1290140152, 30.606161
8.1081533432, 30.622096
8.08773136139, 30.653929
8.08048439026, 30.670086
8.06680107117, 30.686081
8.06480026245, 30.702068
8.06633663177, 30.733999
8.05052566528, 30.750001
8.05145072937, 30.765974
8.05777359009, 30.797805
8.05704975128, 30.813923
8.05199050903, 30.829893
8.06275558472, 30.845899
8.07642936707, 30.877873
8.09604263306, 30.893821
8.08672904968, 30.909813
8.08586788177, 30.941468
8.0815038681, 30.957589
8.07654380798, 30.973593
8.08694648743, 30.989597
8.10815048218, 31.021575
8.13077449799, 31.037510
8.14527988434, 31.053547
8.14948940277, 31.085592
8.15410137177, 31.101607
8.15278720856, 31.117578
8.16534137726, 31.133594
8.18609237671, 31.165546
8.19744110107, 31.181545
8.20094966888, 31.197518
8.19197177887, 31.229469
8.21804428101, 31.245393
8.2351808548, 31.261408
8.2418384552, 31.277486
8.25686740875, 31.309378
8.2722902298, 31.325365
8.29482460022, 31.341366
8.29348659515, 31.373315
8.28980922699, 31.389244
8.29648780823, 31.405294
8.30922031403, 31.437052
8.30548477173, 31.453163
8.30983448029, 31.469238
8.31359767914, 31.485236
8.32660675049, 31.517205
8.3326921463, 31.533219
8.32102012634, 31.549188
8.32577800751, 31.580937
8.34035491943, 31.597142
8.35254192352, 31.613128
8.35543632507, 31.629116
8.35251903534, 31.661097
8.34860420227, 31.677091
8.33609104156, 31.693063
8.33362960815, 31.724945
8.31084918976, 31.741042
8.29904556274, 31.757041
8.28822898865, 31.772946
8.29368114471, 31.804998
8.29737663269, 31.820967
8.27235031128, 31.836963
8.25029945374, 31.868857
8.23382377625, 31.884942
8.22546100616, 31.900911
8.21371364594, 31.916880
8.2047328949, 31.948629
8.18675804138, 31.964645
8.19917201996, 31.980649
8.20020771027, 32.012602
8.18471717834, 32.028623
8.17694473267, 32.044619
8.16543579102, 32.060621
8.17044734955, 32.092550
8.1863155365, 32.108513
8.17816448212, 32.124495
8.1794090271, 32.156473
8.19605636597, 32.172546
8.19782161713, 32.188546
8.1993637085, 32.204590
8.19662189484, 32.236536
8.19508266449, 32.252511
8.20351886749, 32.268515
8.20272159576, 32.300437
8.19264221191, 32.316486
8.1954240799, 32.332440
8.19080162048, 32.364259
8.21650886536, 32.380388
8.21541595459, 32.396388
8.21942520142, 32.412379
8.2153339386, 32.444343
8.2170715332, 32.460334
8.22549724579, 32.476338
8.23264789581, 32.508207
8.23006343842, 32.524286
8.24475955963, 32.540316
8.24567890167, 32.556267
8.2351026535, 32.588247
8.23753166199, 32.604218
8.21534347534, 32.620198
8.20011901855, 32.652104
8.20017433167, 32.668143
8.20743179321, 32.683980
8.19680213928, 32.699996
8.18559169769, 32.732102
8.19485187531, 32.748060
8.18562984467, 32.764108
8.18841075897, 32.796006
8.18374824524, 32.812039
8.19491100311, 32.827987
8.18915748596, 32.843868
8.19318580627, 32.875965
8.19223403931, 32.891933
8.19887924194, 32.907953
8.20638275146, 32.939820
8.21888065338, 32.955626
8.21493625641, 32.971596
8.1996049881, 33.003534
8.2101020813, 33.019658
8.21038818359, 33.035657
8.22977161407, 33.051657
8.22953033447, 33.083654
8.23317718506, 33.099583
8.23734760284, 33.115553
8.24765968323, 33.147454
8.2327413559, 33.163623
8.2423248291, 33.179598
8.24571037292, 33.195599
8.25559329987, 33.227609
8.24717903137, 33.243606
8.25916671753, 33.259611
8.26074028015, 33.291459
8.27646541595, 33.307546
8.28185176849, 33.323472
8.27241706848, 33.339536
8.26969337463, 33.371415
8.26168346405, 33.387453
8.26606082916, 33.403458
8.27403736115, 33.435361
8.2796792984, 33.451411
8.27085208893, 33.467387
8.28281879425, 33.483358
8.28183460236, 33.515322
8.26909828186, 33.531310
8.28075885773, 33.547316
8.29158306122, 33.579280
8.29929447174, 33.595259
8.28288173676, 33.611163
8.27337646484, 33.627232
8.26763916016, 33.659201
8.26575183868, 33.675183
8.26031303406, 33.691184
8.25523948669, 33.723152
8.24283504486, 33.739949
8.25202465057, 33.754894
8.2552280426, 33.786870
8.25004005432, 33.803100
8.24063587189, 33.819082
8.25161647797, 33.835052
8.25251960754, 33.867066
8.25036907196, 33.882956
8.24843406677, 33.899004
8.25279903412, 33.930870
8.23945522308, 33.947002
8.24861240387, 33.962635
8.25457763672, 33.978600
8.26475334167, 34.010571
8.26615333557, 34.026576
8.28698444366, 34.042551
8.29162406921, 34.074495
8.28799533844, 34.090497
8.27112007141, 34.106497
8.26736736298, 34.122475
8.26153850555, 34.154620
8.26167964935, 34.170740
8.25197315216, 34.187026
8.24938201904, 34.218720
8.25552177429, 34.234755
8.26094245911, 34.250638
8.2676153183, 34.266728
8.26242256165, 34.298715
8.25039100647, 34.314699
8.25263595581, 34.330652
8.25707626343, 34.362630
8.25419235229, 34.378604
8.24666500092, 34.394600
8.25464057922, 34.410577
8.25335121155, 34.442543
8.24377536774, 34.458552
8.23127555847, 34.474521
8.21769237518, 34.506401
8.21310520172, 34.522494
8.20139026642, 34.538524
8.19999217987, 34.570294
8.18496608734, 34.586424
8.17799377441, 34.602430
8.1869096756, 34.618398
8.17935180664, 34.650379
8.1873884201, 34.666352
8.20316696167, 34.682330
8.19142055511, 34.714205
8.19994735718, 34.730304
8.20593547821, 34.746315
8.21415042877, 34.762252
8.22293186188, 34.794302
8.22448253632, 34.810203
8.23813247681, 34.826203
8.24872684479, 34.857985
8.25611877441, 34.874128
8.25811481476, 34.890156
8.25484657288, 34.906148
8.25761413574, 34.938102
8.26982402802, 34.954198
8.28063297272, 34.969815
8.3021774292, 35.001704
8.31834316254, 35.017644
8.32963562012, 35.033791
8.34526538849, 35.049864
8.35346221924, 35.081711
8.35106277466, 35.097666
8.36302280426, 35.113649
8.37591266632, 35.145615
8.37885761261, 35.161752
8.39077949524, 35.177727
8.39913749695, 35.209581
8.39441013336, 35.225701
8.40422725677, 35.241677
8.40058231354, 35.257653
8.40630817413, 35.289652
8.40437030792, 35.305572
8.41264247894, 35.321578
8.41774749756, 35.353472
8.42840957642, 35.369528
8.43365859985, 35.385529
8.43660640717, 35.401504
8.4306602478, 35.433477
8.42334938049, 35.449450
8.42533969879, 35.465487
8.43691444397, 35.497502
8.41027069092, 35.513590
8.41423606873, 35.529572
8.41916465759, 35.545548
8.42236614227, 35.577522
8.41693878174, 35.593532
8.40267753601, 35.609405
8.40095806122, 35.641382
8.39330291748, 35.657446
8.3897190094, 35.673496
8.37967014313, 35.689459
8.37928771973, 35.721393
8.3969078064, 35.737373
8.39322471619, 35.753370
8.39367675781, 35.785305
8.39302539825, 35.801309
8.4133644104, 35.817288
8.40423870087, 35.833295
8.39727306366, 35.865267
8.41411304474, 35.881243
8.42040157318, 35.897221
8.43059062958, 35.929193
8.44032669067, 35.945169
8.44920158386, 35.960856
8.45978832245, 35.992818
8.45719909668, 36.008931
8.4553937912, 36.024876
8.44945526123, 36.040768
8.45253372192, 36.073060
8.44572067261, 36.089028
8.44620990753, 36.105008
8.44350814819, 36.136877
8.45017910004, 36.152969
8.43980407715, 36.168945
8.44087791443, 36.184940
8.447306633, 36.216895
8.4551897049, 36.232893
8.44016170502, 36.248876
8.42966556549, 36.280760
8.43642520905, 36.296821
8.43829631805, 36.312871
8.43714427948, 36.328819
8.44039344788, 36.360818
8.43538570404, 36.376821
8.44359779358, 36.392909
8.44842433929, 36.424695
8.45018100739, 36.440748
8.44171047211, 36.456717
8.43334102631, 36.472720
8.43271160126, 36.504667
8.43478298187, 36.520652
8.43441677094, 36.536679
8.41909790039, 36.568641
8.40226554871, 36.584539
8.39262771606, 36.600688
8.39560699463, 36.616633
8.40010452271, 36.648598
8.40712070465, 36.664609
8.40442848206, 36.680571
8.40623664856, 36.712597
8.41177272797, 36.728517
8.40489578247, 36.744521
8.4037694931, 36.776315
8.40920066833, 36.792471
8.40821266174, 36.808466
8.38983917236, 36.824444
8.3961057663, 36.856421
8.41583347321, 36.872394
8.41760540009, 36.888392
8.40979671478, 36.920238
8.39746189117, 36.936416
8.41941452026, 36.952350
8.42637443542, 36.968091
8.43636322021, 37.000268
8.43722724915, 37.016310
8.44627475739, 37.032230
8.46954345703, 37.064210
8.47976493835, 37.080220
8.47441196442, 37.096253
8.4831609726, 37.112269
8.48841762543, 37.143931
8.48150920868, 37.160062
8.49053287506, 37.176073
8.50690841675, 37.207963
8.52254676819, 37.224099
8.54072189331, 37.240134
8.55265712738, 37.256102
8.56075763702, 37.288105
8.58279132843, 37.304070
8.58381175995, 37.320075
8.56191825867, 37.351970
8.55638027191, 37.367966
8.56692504883, 37.383936
8.5536737442, 37.399938
8.57343673706, 37.431890
8.5578994751, 37.447863
8.54996395111, 37.463862
8.53561687469, 37.495876
8.53194618225, 37.511834
8.52205753326, 37.527850
8.51984977722, 37.559672
8.51875209808, 37.575849
8.51149082184, 37.591806
8.50383758545, 37.607732
8.49365997314, 37.639678
8.48119354248, 37.655635
8.48039054871, 37.671666
8.47523498535, 37.703445
8.4531917572, 37.719506
8.4415178299, 37.735490
8.43950462341, 37.751419
8.43758392334, 37.783556
8.44289779663, 37.799432
8.439037323, 37.815518
8.4363861084, 37.847184
8.43027496338, 37.863388
8.44203662872, 37.879425
8.44036102295, 37.895416
8.44678688049, 37.927437
8.44203662872, 37.943406
8.43857574463, 37.959247
8.45150756836, 37.991158
8.44304180145, 38.007130
8.44285297394, 38.023070
8.43237876892, 38.039038
8.43827056885, 38.071018
8.43813419342, 38.086989
8.45012378693, 38.103166
8.45414352417, 38.135219
8.44963741302, 38.151221
8.44499492645, 38.167236
8.45135593414, 38.183257
8.45684528351, 38.215188
8.45491409302, 38.231151
8.45761013031, 38.247167
8.46085834503, 38.279133
8.45745849609, 38.295112
8.45641803741, 38.311083
8.45538902283, 38.342885
8.46707630157, 38.359029
8.4795331955, 38.375012
8.49898052216, 38.391008
8.50534629822, 38.422731
8.50180625916, 38.438843
8.49524116516, 38.454841
8.50031757355, 38.486737
8.49776077271, 38.502793
8.51421546936, 38.518868
8.53007221222, 38.534901
8.53297615051, 38.566871
8.51761436462, 38.582868
8.52395057678, 38.598843
8.53812408447, 38.630764
8.53308391571, 38.646840
8.51508045197, 38.662850
8.51876163483, 38.678839
8.53196716309, 38.710756
8.55066108704, 38.726700
8.56846427917, 38.742682
8.57576084137, 38.774602
8.56190681458, 38.790628
8.56371021271, 38.806599
8.56955623627, 38.822706
8.57284927368, 38.854580
8.56480312347, 38.870579
8.55058956146, 38.886556
8.54340171814, 38.918539
8.5534734726, 38.934536
8.5487575531, 38.950544
8.53960037231, 38.966559
8.52924537659, 38.998389
8.53761863708, 39.014441
8.54009723663, 39.030420
8.54190254211, 39.062433
8.54545021057, 39.078425
8.54869842529, 39.094404
8.5645160675, 39.110419
8.57363510132, 39.142385
8.58294582367, 39.158356
8.58209991455, 39.174328
8.59255599976, 39.206314
8.59360790253, 39.222279
8.58692455292, 39.238283
8.59297847748, 39.270101
8.59870243073, 39.286233
8.61587524414, 39.302239
8.63080883026, 39.318233
8.62205314636, 39.350207
8.63390254974, 39.366181
8.64491462708, 39.382160
8.63992214203, 39.413988
8.63954925537, 39.430173
8.63452243805, 39.446078
8.64170265198, 39.462048
8.63269519806, 39.494028
8.64154815674, 39.510050
8.63031387329, 39.526040
8.62581539154, 39.557872
8.63738822937, 39.573978
8.63741207123, 39.589954
8.64976501465, 39.605928
8.63864803314, 39.637771
8.64291095734, 39.653882
8.65028190613, 39.669880
8.65376567841, 39.701838
8.63216972351, 39.717850
8.63356113434, 39.733799
8.62049484253, 39.749803
8.62014198303, 39.781803
8.60695171356, 39.797726
8.61850833893, 39.813695
8.63043308258, 39.845682
8.62852954865, 39.861679
8.61944484711, 39.877655
8.61768627167, 39.909465
8.60635280609, 39.925624
8.5952205658, 39.941629
8.5648765564, 39.957601
8.54970264435, 39.989205
8.52650547028, 40.005318
8.53510379791, 40.021344
8.52820968628, 40.053233
8.54041099548, 40.069342
8.53338909149, 40.085342
8.52704048157, 40.101349
8.51413059235, 40.133327
8.51053524017, 40.149403
8.49683189392, 40.165401
8.48201370239, 40.197257
8.47082710266, 40.213376
8.46142196655, 40.229348
8.4572429657, 40.245324
8.43705463409, 40.277340
8.43782806396, 40.293300
8.45129489899, 40.309298
8.45122337341, 40.341179
8.44975566864, 40.357224
8.44617843628, 40.373197
8.45209884644, 40.389198
8.44691085815, 40.421171
8.45927047729, 40.437122
8.4720582962, 40.453093
8.48354530334, 40.485085
8.47918224335, 40.501064
8.48068332672, 40.517270
8.48148059845, 40.533658
8.48075485229, 40.564953
8.48656082153, 40.580930
8.49097537994, 40.596928
8.48779296875, 40.628974
8.49136257172, 40.644951
8.48732566833, 40.660948
8.49535369873, 40.676918
8.48589038849, 40.708919
8.47984027863, 40.724855
8.49302864075, 40.740810
8.52340221405, 40.772951
8.54945755005, 40.788845
8.56595420837, 40.804814
8.5850982666, 40.836622
8.57695484161, 40.852771
8.57459354401, 40.868795
8.59611701965, 40.884799
8.62317752838, 40.916734
8.64483737946, 40.932697
8.66409492493, 40.948672
8.67552661896, 40.980420
8.68018245697, 40.996352
8.69966030121, 41.012348
8.70730113983, 41.028324
8.71636867523, 41.060298
8.73054504395, 41.076367
8.74112415314, 41.092428
8.74489688873, 41.124318
8.74645042419, 41.140473
8.75359916687, 41.156469
8.73585700989, 41.172442
8.73303031921, 41.204499
8.73421764374, 41.220416
8.73079586029, 41.236391
8.73181533813, 41.268334
8.7217912674, 41.284371
8.72488212585, 41.300482
8.7247171402, 41.316341
8.72918510437, 41.348321
8.70942783356, 41.364299
8.69013881683, 41.380293
8.69847393036, 41.412275
8.68623065948, 41.428258
8.67846107483, 41.444256
8.69125652313, 41.460177
8.67562103271, 41.492202
8.66663074493, 41.508181
8.68320274353, 41.524176
8.69279289246, 41.556152
8.70873451233, 41.572148
8.70923519135, 41.588124
8.71035861969, 41.619888
8.70637512207, 41.636100
8.72124195099, 41.652074
8.70022201538, 41.668135
8.70035076141, 41.700205
8.70163249969, 41.715983
8.70203590393, 41.731988
8.69824314117, 41.763825
8.68063354492, 41.779942
8.65676021576, 41.795919
8.65135574341, 41.811909
8.6398859024, 41.843889
8.63579082489, 41.859890
8.63958454132, 41.875868
8.64825057983, 41.907649
8.65433883667, 41.923814
8.64562129974, 41.939816
8.64311027527, 41.955794
8.63109016418, 41.987874
8.63626861572, 42.003457
8.62309551239, 42.019564
8.61198806763, 42.051580
8.61160850525, 42.067614
8.59356880188, 42.083675
8.59797477722, 42.099681
8.59101009369, 42.131629
8.60053348541, 42.147633
8.60510444641, 42.163642
8.60606956482, 42.195631
8.6016626358, 42.211586
8.58842468262, 42.227562
8.56979942322, 42.243519
8.55956077576, 42.275548
8.56115341187, 42.291522
8.55779743195, 42.307514
8.55712890625, 42.339393
8.54448986053, 42.355484
8.53341674805, 42.371436
8.51937007904, 42.403255
8.50567817688, 42.419386
8.50207519531, 42.435383
8.49689769745, 42.451362
8.4964094162, 42.483100
8.49966812134, 42.499150
8.49789905548, 42.515137
8.49550056458, 42.547015
8.48310279846, 42.563176
8.47738933563, 42.579196
8.46052646637, 42.595227
8.44567966461, 42.627172
8.43983745575, 42.643147
8.44076061249, 42.659121
8.45528507233, 42.691076
8.45175170898, 42.707026
8.44913578033, 42.723081
8.44748020172, 42.739064
8.44589233398, 42.770800
8.44539642334, 42.786776
8.43662452698, 42.802778
8.41926765442, 42.834744
8.40091514587, 42.850650
8.39391708374, 42.866827
8.37861824036, 42.882808
8.37454414368, 42.914795
8.37593746185, 42.930771
8.38671112061, 42.946849
8.39009380341, 42.978858
8.40458583832, 42.994899
8.41959762573, 43.010701
8.41554164886, 43.026740
8.42560100555, 43.058712
8.43458747864, 43.074783
8.45823955536, 43.090855
8.4665851593, 43.122782
8.47339725494, 43.138873
8.48370361328, 43.154711
8.4906539917, 43.170684
8.51063251495, 43.202660
8.49291992188, 43.218637
8.49916267395, 43.234605
8.49411773682, 43.266586
8.50085258484, 43.282557
8.48586463928, 43.298539
8.49220943451, 43.330302
8.48535823822, 43.346489
8.49601745605, 43.362485
8.49076271057, 43.378442
8.49620342255, 43.410437
8.498878479, 43.426386
8.50849914551, 43.442412
8.50737380981, 43.474238
8.50729942322, 43.490357
8.51192951202, 43.506355
8.52004337311, 43.522370
8.51811790466, 43.554311
8.52635574341, 43.570324
8.53768062592, 43.586287
8.5353679657, 43.618119
8.54589366913, 43.634233
8.55480289459, 43.650237
8.56052112579, 43.666205
8.57204818726, 43.698229
8.57503032684, 43.714192
8.58811092377, 43.730192
8.59063911438, 43.762047
8.59788990021, 43.778147
8.59025382996, 43.794120
8.58465099335, 43.810148
8.57334518433, 43.842097
8.56872558594, 43.858072
8.56687736511, 43.874096
8.57414340973, 43.905822
8.57473754883, 43.921815
8.56417655945, 43.937891
8.56623935699, 43.953891
8.56680202484, 43.985863
8.56789112091, 44.001962
8.57482051849, 44.017657
8.58719539642, 44.049817
8.59997749329, 44.065791
8.60358715057, 44.081788
8.60317802429, 44.097766
8.61174964905, 44.129828
8.61561584473, 44.145778
8.62378883362, 44.161816
8.60883045197, 44.193744
8.6178817749, 44.209741
8.62176799774, 44.225580
8.62297344208, 44.257512
8.62336444855, 44.273673
8.61504745483, 44.289646
8.61016559601, 44.305614
8.60669803619, 44.337577
8.61315917969, 44.353595
8.61503982544, 44.369593
8.60459423065, 44.401468
8.60207653046, 44.417540
8.6088886261, 44.433540
8.61065769196, 44.449541
8.5985660553, 44.481520
8.59164333344, 44.497494
8.58684062958, 44.513439
8.58804512024, 44.545409
8.58675765991, 44.561440
8.59102535248, 44.577415
8.60595417023, 44.593383
8.61662006378, 44.625392
8.61796665192, 44.641326
8.59390258789, 44.657323
8.58986949921, 44.689317
8.58699607849, 44.705271
8.58270740509, 44.721288
8.5864200592, 44.753054
8.59042358398, 44.769238
8.58478927612, 44.785240
8.59781932831, 44.801208
8.60039424896, 44.833192
8.59669685364, 44.849166
8.5984916687, 44.865129
8.59954547882, 44.896963
8.60238075256, 44.913113
8.60420322418, 44.929089
8.59628009796, 44.945069
8.58754062653, 44.977037
8.58768558502, 44.992927
8.56959247589, 45.008726
8.55416870117, 45.040898
8.54412555695, 45.056888
8.54959583282, 45.072896
8.54310894012, 45.088900
8.54054069519, 45.120886
8.53250312805, 45.136892
8.5309047699, 45.152863
8.52712726593, 45.184839
8.53151321411, 45.200811
8.53110599518, 45.216811
8.52491950989, 45.232816
8.54363536835, 45.264703
8.55464076996, 45.280741
8.56134796143, 45.296718
8.55681419373, 45.328677
8.55360603333, 45.344693
8.53943729401, 45.360664
8.53609466553, 45.392501
8.5263633728, 45.408602
8.51657962799, 45.424614
8.5005941391, 45.440575
8.50894737244, 45.472416
8.50948905945, 45.488540
8.48719787598, 45.504543
8.48902606964, 45.536428
8.50081825256, 45.552485
8.48604297638, 45.568488
8.48172950745, 45.584437
8.48437976837, 45.616438
8.47571468353, 45.632386
8.46706676483, 45.648361
8.47159385681, 45.680306
8.46912670135, 45.696303
8.47777080536, 45.712379
8.49253749847, 45.728325
8.4902048111, 45.760284
8.4860162735, 45.776256
8.49077033997, 45.792251
8.50253200531, 45.824208
8.50797271729, 45.840182
8.49622631073, 45.856093
8.50979995728, 45.887942
8.51738834381, 45.904102
8.5036239624, 45.920102
8.51090145111, 45.936104
8.52218914032, 45.967993
8.5438041687, 45.983991
8.5442905426, 45.999971
8.54115009308, 46.031629
8.53397274017, 46.047787
8.53415489197, 46.063766
8.54160690308, 46.079834
8.53515434265, 46.111805
8.5471944809, 46.127784
8.53798770905, 46.143743
8.53410053253, 46.175803
8.53862953186, 46.191801
8.53947353363, 46.207798
8.54583740234, 46.223764
8.55210876465, 46.255739
8.5508890152, 46.271739
8.56032276154, 46.287745
8.57736968994, 46.319662
8.58194446564, 46.335666
8.59582042694, 46.351591
8.61879825592, 46.383508
8.62395191193, 46.399657
8.63333320618, 46.415621
8.63914871216, 46.431625
8.64032649994, 46.463600
8.63281917572, 46.479566
8.63514995575, 46.495527
8.6366558075, 46.527463
8.6315908432, 46.543538
8.64207744598, 46.559519
8.64909553528, 46.575473
8.65230083466, 46.607447
8.66199111938, 46.623459
8.64478969574, 46.639419
8.65131664276, 46.671361
8.63883686066, 46.687398
8.62902545929, 46.703364
8.62611484528, 46.719366
8.64556217194, 46.751339
8.65120124817, 46.767311
8.66492271423, 46.783283
8.67713737488, 46.815287
8.6716299057, 46.831263
8.66711330414, 46.847242
8.6681022644, 46.879044
8.65347194672, 46.895190
8.65099239349, 46.911090
8.64579868317, 46.927139
8.64269733429, 46.959110
8.65041637421, 46.975093
8.65388774872, 46.991055
8.65696620941, 47.022887
8.66161060333, 47.038888
8.64454555511, 47.055006
8.65407943726, 47.071023
8.65324497223, 47.102985
8.65806102753, 47.118916
8.65600299835, 47.134876
8.66154384613, 47.166833
8.67497158051, 47.182845
8.66436481476, 47.198862
8.684009552, 47.214862
8.68729972839, 47.246835
8.69605636597, 47.262811
8.71579742432, 47.278790
8.72416210175, 47.310557
8.71768951416, 47.326578
8.71541118622, 47.342641
8.72996044159, 47.374509
8.7270450592, 47.390740
8.72706413269, 47.406737
8.73631572723, 47.422736
8.72359657288, 47.454634
8.73658752441, 47.470607
8.73017692566, 47.486603
8.72611618042, 47.518459
8.73293590546, 47.534548
8.72587585449, 47.550508
8.73017501831, 47.566472
8.71436500549, 47.598514
8.68725395203, 47.614485
8.69034767151, 47.630457
8.69783115387, 47.662369
8.7047252655, 47.678439
8.69657897949, 47.694406
8.70301055908, 47.710410
8.71026134491, 47.742365
8.71217346191, 47.758367
8.71273422241, 47.774364
8.70161724091, 47.806289
8.69268512726, 47.822313
8.67590045929, 47.838309
8.67417907715, 47.854218
8.68316364288, 47.886305
8.68132209778, 47.902259
8.67559051514, 47.918227
8.67506599426, 47.950242
8.66052722931, 47.966215
8.66777992249, 47.982211
8.65359210968, 48.014041
8.64614677429, 48.029950
8.6272611618, 48.045926
8.62216663361, 48.061928
8.623046875, 48.093969
8.61632537842, 48.110018
8.61614513397, 48.126011
8.60612487793, 48.157917
8.59492969513, 48.173987
8.59422302246, 48.190035
8.58383178711, 48.206178
8.56539344788, 48.237998
8.57363319397, 48.254008
8.57464027405, 48.269987
8.57432460785, 48.301924
8.57472705841, 48.317924
8.57217597961, 48.333912
8.56642055511, 48.349884
8.57295703888, 48.381899
8.56895160675, 48.397861
8.55025291443, 48.413827
8.56344604492, 48.445813
8.56515693665, 48.461778
8.57265377045, 48.477788
8.57198524475, 48.509582
8.57408618927, 48.525756
8.58574867249, 48.541759
8.57374095917, 48.557761
8.5590429306, 48.589679
8.560962677, 48.605636
8.54054450989, 48.621635
8.53808498383, 48.653506
8.5216255188, 48.669586
8.51159667969, 48.685582
8.51592636108, 48.701440
8.50610923767, 48.733424
8.49948692322, 48.749466
8.50119876862, 48.765563
8.49612522125, 48.797403
8.48530864716, 48.813416
8.47536754608, 48.829435
8.45424556732, 48.845432
8.44733905792, 48.877407
8.41957950592, 48.893383
8.41048717499, 48.909353
8.40647315979, 48.941332
8.39296245575, 48.957301
8.40458583832, 48.973300
8.41189289093, 49.005072
8.41941738129, 49.021185
8.41556930542, 49.037021
8.40774536133, 49.053092
8.40180397034, 49.085108
8.40566444397, 49.101133
8.40615272522, 49.117108
8.41515636444, 49.149010
8.40888977051, 49.165226
8.40203475952, 49.181138
8.39815807343, 49.197135
8.40328502655, 49.229102
8.39369773865, 49.245083
8.39258480072, 49.261077
8.39151763916, 49.292973
8.3831577301, 49.309027
8.36794757843, 49.325030
8.36880111694, 49.340936
8.34954547882, 49.372995
8.33979606628, 49.388956
8.33964729309, 49.404951
8.34326648712, 49.436888
8.34066963196, 49.452822
8.32393360138, 49.468786
8.31241321564, 49.484874
8.32099342346, 49.516849
8.32832336426, 49.532871
8.33615207672, 49.548836
8.34282970428, 49.580780
8.33841705322, 49.596818
8.35575675964, 49.612787
8.36736106873, 49.644630
8.38569641113, 49.660712
8.38455581665, 49.676780
8.38981723785, 49.692705
8.40007686615, 49.724627
8.40929031372, 49.740628
8.40775299072, 49.756600
8.40830516815, 49.788474
8.40868377686, 49.804581
8.38935565948, 49.820554
8.38132667542, 49.836528
8.36443424225, 49.868502
8.35008430481, 49.884502
8.3495721817, 49.900462
8.3520898819, 49.932465
8.34787750244, 49.948516
8.33318138123, 49.964455
8.34059619904, 49.980496
8.34136390686, 50.012466
8.34638500214, 50.028334
8.35085964203, 50.044139
8.32886981964, 50.076210
8.32673168182, 50.092197
8.31886100769, 50.108247
8.31110668182, 50.124329
8.30542087555, 50.156307
8.29961395264, 50.172292
8.29485321045, 50.188335
8.2647485733, 50.220321
8.25312042236, 50.236229
8.23505115509, 50.252293
8.22864532471, 50.283955
8.22260379791, 50.300254
8.21320343018, 50.316226
8.21054363251, 50.332295
8.21346282959, 50.364181
8.21939563751, 50.380174
8.21646404266, 50.396142
8.22062492371, 50.427964
8.21554756165, 50.444183
8.21140098572, 50.460004
8.21244049072, 50.475997
8.23347568512, 50.507875
8.23757362366, 50.524076
8.24664592743, 50.539950
8.24635791779, 50.571861
8.25262641907, 50.587897
8.25259971619, 50.603918
8.26057815552, 50.619876
8.25817394257, 50.651844
8.2612991333, 50.667926
8.27569484711, 50.683825
8.27294826508, 50.715560
8.26338005066, 50.731653
8.26709270477, 50.747658
8.26476478577, 50.763697
8.27393913269, 50.795819
8.27347183228, 50.811750
8.28379058838, 50.827749
8.28982257843, 50.859745
8.30296134949, 50.875676
8.30997085571, 50.891678
8.31083202362, 50.923425
8.29806423187, 50.939597
8.28509235382, 50.955576
8.2946023941, 50.971571
8.28225326538, 51.003545
8.29350376129, 51.019552
8.30423736572, 51.035460
8.30424308777, 51.067311
8.3000421524, 51.083438
8.29264259338, 51.099460
8.29300785065, 51.115471
8.30691623688, 51.147444
8.30861377716, 51.163324
8.29087257385, 51.179423
8.28852653503, 51.211323
8.30174160004, 51.227365
8.31610202789, 51.243348
8.31677436829, 51.259350
8.31796836853, 51.291319
8.30887889862, 51.307294
8.31393432617, 51.323265
8.3177690506, 51.355297
8.3080291748, 51.371228
8.29936408997, 51.387196
8.30320453644, 51.403155
8.30059719086, 51.435177
8.29155731201, 51.451147
8.29885578156, 51.467178
8.29802417755, 51.499115
8.3002614975, 51.515116
8.27832317352, 51.531170
8.27679252625, 51.547067
8.27814483643, 51.579045
8.2711687088, 51.595043
8.27156448364, 51.611021
8.28229904175, 51.642999
8.28712654114, 51.659035
8.29349040985, 51.674897
8.31443977356, 51.706767
8.31798362732, 51.723012
8.32171916962, 51.738928
8.33655071259, 51.754929
8.33609104156, 51.786906
8.33531665802, 51.802881
8.33506679535, 51.818714
8.34997558594, 51.850649
8.36647701263, 51.866727
8.36944961548, 51.882809
8.37664413452, 51.898787
8.37548923492, 51.930746
8.3634519577, 51.946784
8.36728191376, 51.962737
8.35148048401, 51.994696
8.34663009644, 52.010699
8.34200763702, 52.026682
8.35667610168, 52.042352
8.36373615265, 52.074382
8.36122226715, 52.090371
8.34426307678, 52.106557
8.35216617584, 52.138506
8.35208320618, 52.154548
8.36162376404, 52.170532
8.36451530457, 52.186525
8.38161849976, 52.218448
8.38644695282, 52.234499
8.376121521, 52.250409
8.38952159882, 52.282451
8.38987827301, 52.298434
8.40335941315, 52.314400
8.39641094208, 52.330382
8.38752651215, 52.362355
8.39404296875, 52.378325
8.39688491821, 52.394328
8.40625572205, 52.426340
8.41369915009, 52.442308
8.4110584259, 52.458282
8.41648197174, 52.490081
8.43015003204, 52.506311
8.44061565399, 52.522226
8.44805717468, 52.538225
8.44469547272, 52.570201
8.45925807953, 52.586183
8.44749546051, 52.602180
8.4339427948, 52.634011
8.44111728668, 52.650104
8.43787956238, 52.666064
8.44065666199, 52.682057
8.45902633667, 52.714009
8.46838665009, 52.729982
8.47027301788, 52.745957
8.47854423523, 52.777909
8.49492359161, 52.794076
8.49868297577, 52.809916
8.48852348328, 52.825888
8.49533653259, 52.857860
8.49635601044, 52.873844
8.49535179138, 52.889789
8.4931640625, 52.921650
8.48293590546, 52.937741
8.47930622101, 52.953732
8.48573303223, 52.969669
8.48397827148, 53.001741
8.47719764709, 53.017736
8.48785495758, 53.033871
8.48487758636, 53.065424
8.49976062775, 53.081525
8.51288414001, 53.097531
8.50663566589, 53.113547
8.50984477997, 53.145625
8.50749111176, 53.161588
8.51483535767, 53.177563
8.51014041901, 53.209534
8.50592708588, 53.225510
8.51835250854, 53.241516
8.50422382355, 53.273316
8.50527667999, 53.289394
8.49068450928, 53.305454
8.49419021606, 53.321455
8.49692821503, 53.353442
8.50480747223, 53.369413
8.48814868927, 53.385388
8.492395401, 53.417146
8.49775600433, 53.433203
8.49656486511, 53.449331
8.48610973358, 53.465302
8.48893165588, 53.497394
8.46672439575, 53.513289
8.46065616608, 53.529298
8.4500207901, 53.561188
8.45526695251, 53.577249
8.45614528656, 53.593242
8.45114040375, 53.609224
8.43055343628, 53.641194
8.42966651917, 53.657175
8.42824649811, 53.673173
8.42039489746, 53.705109
8.40908622742, 53.721096
8.41490459442, 53.737092
8.42701530457, 53.768864
8.42511177063, 53.785049
8.41166305542, 53.801049
8.40427017212, 53.817049
8.39924716949, 53.848966
8.40696716309, 53.865013
8.40294647217, 53.880968
8.40963077545, 53.912822
8.39297580719, 53.928946
8.38313293457, 53.944946
8.37481212616, 53.960921
8.36670303345, 53.992883
8.37207889557, 54.008852
8.37666797638, 54.024866
8.37427806854, 54.056466
8.37596511841, 54.072524
8.36372566223, 54.088685
8.3713092804, 54.104712
8.36994075775, 54.136523
8.36631774902, 54.152496
8.36167526245, 54.168600
8.34932136536, 54.200728
8.32990169525, 54.216723
8.3212890625, 54.232692
8.32511615753, 54.264421
8.32652282715, 54.280609
8.32412242889, 54.296620
8.3162984848, 54.312471
8.29621982574, 54.344508
8.28497314453, 54.360507
8.26212215424, 54.376400
8.2544593811, 54.408343
8.2493391037, 54.424455
8.22963047028, 54.440457
8.21541404724, 54.456431
8.19849586487, 54.488407
8.21185302734, 54.504409
8.21621131897, 54.520411
8.2110786438, 54.552286
8.23116493225, 54.568357
8.23768424988, 54.584353
8.23705005646, 54.600333
8.24439334869, 54.632368
8.26350498199, 54.648341
8.26801490784, 54.664319
8.28284454346, 54.696280
8.27505302429, 54.712284
8.27514839172, 54.728261
8.29099941254, 54.744279
8.28697013855, 54.776250
8.29440116882, 54.792229
8.29700756073, 54.808193
8.31466770172, 54.840134
8.32587623596, 54.856178
8.32125282288, 54.872152
8.31774997711, 54.903916
8.31275939941, 54.920106
8.30298805237, 54.936058
8.32142829895, 54.952097
8.3392457962, 54.983996
8.34673595428, 54.999971
8.36145591736, 55.015886
8.36448574066, 55.047822
8.37583732605, 55.063964
8.38586139679, 55.079582
8.40306377411, 55.095511
8.41248130798, 55.127458
8.40973567963, 55.143457
8.42122936249, 55.159433
8.42012023926, 55.191430
8.416431427, 55.207383
8.42538452148, 55.223382
8.42825031281, 55.239491
8.41671657562, 55.271493
8.40940284729, 55.287488
8.40343093872, 55.303410
8.40583515167, 55.335391
8.39708900452, 55.351363
8.39071273804, 55.367466
8.37184333801, 55.399405
8.36834144592, 55.415575
8.36495494843, 55.431547
8.35191249847, 55.447548
8.34852027893, 55.479522
8.33508110046, 55.495520
8.34933280945, 55.511522
8.36277103424, 55.543352
8.36412334442, 55.559468
8.36660480499, 55.575441
8.36253166199, 55.591590
8.34526348114, 55.623399
8.33602428436, 55.639334
8.32549095154, 55.655374
8.30925750732, 55.687298
8.29432487488, 55.703376
8.29084587097, 55.719347
8.285987854, 55.735298
8.28631305695, 55.767264
8.26474952698, 55.783223
8.26194381714, 55.799237
8.24707603455, 55.831199
8.23587036133, 55.847176
8.2260799408, 55.863171
8.21823215485, 55.894910
8.19800853729, 55.911113
8.18555450439, 55.927097
8.18179225922, 55.943072
8.17572498322, 55.975048
8.19026660919, 55.991019
8.19914150238, 56.007025
8.20057678223, 56.038856
8.19812202454, 56.054978
8.21133708954, 56.070678
8.2088060379, 56.086703
8.20363521576, 56.118672
8.20352554321, 56.134650
8.20172595978, 56.150628
8.1997051239, 56.182632
8.20394134521, 56.198643
8.21004772186, 56.214612
8.22456741333, 56.230591
8.22078990936, 56.262671
8.2144317627, 56.278677
8.21593666077, 56.294676
8.22094249725, 56.326649
8.21417427063, 56.342622
8.21125221252, 56.358621
8.22881507874, 56.374626
8.23468112946, 56.406619
8.23465538025, 56.422695
8.24398899078, 56.438625
8.24321174622, 56.470565
8.24518108368, 56.486503
8.2559967041, 56.502504
8.27291965485, 56.534363
8.26471424103, 56.550535
8.25699424744, 56.566518
8.26351356506, 56.582495
8.26867961884, 56.614471
8.26543903351, 56.630471
8.2859249115, 56.646442
8.27730941772, 56.678330
8.28686141968, 56.694394
8.30339050293, 56.710388
8.32020378113, 56.726371
8.32951259613, 56.758319
8.32789516449, 56.774314
8.32482242584, 56.790294
8.33030319214, 56.822247
8.34058094025, 56.838249
8.34792232513, 56.854239
8.36966228485, 56.870213
8.36880683899, 56.902184
8.36624336243, 56.918155
8.38831138611, 56.934170
8.38011455536, 56.966135
8.38447761536, 56.982122
8.38811779022, 56.998095
8.3973493576, 57.029813
8.41350364685, 57.046039
8.42907428741, 57.061980
8.43505954742, 57.077795
8.44167041779, 57.109863
8.44374847412, 57.125928
8.43829154968, 57.141972
8.43904972076, 57.173812
8.43136405945, 57.189888
8.42898654938, 57.205842
8.4282245636, 57.221888
8.42307567596, 57.253839
8.42672252655, 57.269819
8.4158372879, 57.285813
8.42838478088, 57.317748
8.42341136932, 57.333766
8.42234325409, 57.349769
8.42352771759, 57.365651
8.4197177887, 57.397532
8.42823028564, 57.413585
8.44401073456, 57.429666
8.44942760468, 57.461606
8.45574378967, 57.477465
8.45996761322, 57.493470
8.46095752716, 57.525309
8.45229530334, 57.541591
8.45593166351, 57.557572
8.45519924164, 57.573541
8.45889854431, 57.605512
8.44855976105, 57.621614
8.44836139679, 57.637506
8.46094703674, 57.669388
8.46803092957, 57.685452
8.48288726807, 57.701491
8.48118591309, 57.717467
8.48102664948, 57.749418
8.48459434509, 57.765424
8.50094413757, 57.781283
8.50178718567, 57.813234
8.51551055908, 57.829381
8.5307674408, 57.845236
8.5202627182, 57.861226
8.5249786377, 57.893188
8.52657032013, 57.909299
8.54947566986, 57.925226
8.55927944183, 57.957202
8.56576156616, 57.973148
8.57414722443, 57.989224
8.59004116058, 58.005197
8.60203361511, 58.037178
8.5991973877, 58.053135
8.59728908539, 58.069122
8.60475826263, 58.100773
8.58236598969, 58.116796
8.58152580261, 58.132702
8.58471488953, 58.164724
8.58638000488, 58.180848
8.57795715332, 58.196909
8.58233261108, 58.212853
8.58403396606, 58.244777
8.57011508942, 58.260804
8.58056259155, 58.276980
8.58342456818, 58.308758
8.59292221069, 58.324832
8.59868907928, 58.340824
8.59241580963, 58.356873
8.58546638489, 58.388832
8.59064769745, 58.404765
8.59199810028, 58.420797
8.59000396729, 58.452768
8.58860397339, 58.468767
8.58805751801, 58.484782
8.57770633698, 58.500707
8.57247257233, 58.532730
8.56555747986, 58.548683
8.5599489212, 58.564679
8.56188869476, 58.596637
8.57593250275, 58.612686
8.58505725861, 58.628610
8.59459114075, 58.644551
8.60325813293, 58.676561
8.60727405548, 58.692558
8.61222171783, 58.708516
8.6231174469, 58.740397
8.60821342468, 58.756647
8.61183071136, 58.772761
8.61258125305, 58.788485
