time, yaw, pos, vel
23877044, 0.000000, 0.000000, 0.000000
23877054, 0.000000, 0.000000, 0.000000
23877064, 0.000000, 0.000000, 0.000000
23877074, -2.478786, 0.000000, 0.000000
23877084, -2.478786, 0.000000, 0.000000
23877094, -2.478786, 0.000000, 0.000000
23877104, -2.479118, 0.000000, 0.000000
23877114, -2.479118, 0.000000, 0.000000
23877124, -2.479118, 0.000000, 0.000000
23877134, -2.479362, 0.000000, 0.000000
23877144, -2.479362, 0.000000, 0.000000
23877154, -2.479362, 0.000000, 0.000000
23877164, -2.479676, 0.000000, 0.000000
23877174, -2.479676, 0.000000, 0.000000
23877184, -2.479676, 0.000000, 0.000000
23877194, -2.480095, 0.000000, 0.000000
23877204, -2.480095, 0.000000, 0.000000
23877214, -2.480095, 0.000000, 0.000000
23877224, -2.480305, 0.000000, 0.000000
23877234, -2.480305, 0.000000, 0.000000
23877244, -2.480305, 0.000000, 0.000000
23877254, -2.480549, 0.000000, 0.000000
23877264, -2.480549, 0.000000, 0.000000
23877274, -2.480549, 0.000000, 0.000000
23877284, -2.480741, 0.000000, 0.000000
23877294, -2.480741, 0.000000, 0.000000
23877304, -2.480741, 0.000000, 0.000000
23877314, -2.480951, 0.000000, 0.000000
23877324, -2.480951, 0.000000, 0.000000
23877334, -2.480951, 0.000000, 0.000000
23877344, -2.481125, 0.000000, 0.000000
23877354, -2.481125, 0.000000, 0.000000
23877364, -2.481125, 0.000000, 0.000000
23877374, -2.481352, 0.000000, 0.000000
23877384, -2.481352, 0.000000, 0.000000
23877394, -2.481352, 0.000000, 0.000000
23877404, -2.481631, 0.000000, 0.000000
23877414, -2.481631, 0.000000, 0.000000
23877424, -2.481631, 0.000000, 0.000000
23877434, -2.481858, 0.000000, 0.000000
23877444, -2.481858, 0.000000, 0.000000
23877454, -2.482015, 0.000000, 0.000000
23877464, -2.482015, 0.000000, 0.000000
23877474, -2.482015, 0.000000, 0.000000
23877484, -2.482103, 0.000000, 0.000000
23877494, -2.482312, 0.000000, 0.000000
23877504, -2.482312, 0.000000, 0.000000
23877514, -2.482661, 0.000000, 0.000000
23877524, -2.482661, 0.000000, 0.000000
23877534, -2.482661, 0.000000, 0.000000
23877544, -2.482853, 0.000000, 0.000000
23877554, -2.482853, 0.000000, 0.000000
23877564, -2.482853, 0.000000, 0.000000
23877574, -2.483063, 0.000000, 0.000000
23877584, -2.483063, 0.000000, 0.000000
23877594, -2.483063, 0.000000, 0.000000
23877604, -2.483394, 0.000000, 0.000000
23877614, -2.483394, 0.000000, 0.000000
23877624, -2.483394, 0.000000, 0.000000
23877634, -2.483394, 0.000000, 0.000000
23877644, -2.483673, 0.000000, 0.000000
23877654, -2.483673, 0.000000, 0.000000
23877664, -2.483673, 0.000000, 0.000000
23877674, -2.483883, 0.000000, 0.000000
23877684, -2.483883, 0.000000, 0.000000
23877694, -2.483883, 0.000000, 0.000000
23877704, -2.483935, 0.000000, 0.000000
23877714, -2.483935, 0.000000, 0.000000
23877724, -2.483935, 0.000000, 0.000000
23877734, -2.483063, 0.000000, 0.000000
23877744, -2.483063, 0.000000, 0.000000
23877754, -2.483063, 0.000000, 0.000000
23877764, -2.467128, 0.000000, 0.000000
23877774, -2.467128, 0.000000, 0.000000
23877784, -2.467128, 0.000000, 0.000000
23877794, -2.361343, 0.000000, 0.000000
23877804, -2.361343, 0.425768, 0.000000
23877814, -2.361343, 0.425768, 139.355560
23877824, -2.092318, 0.808619, 19.142572
23877834, -2.092318, 0.808619, 19.142572
23877844, -2.092318, 0.808619, 0.000000
23877854, -1.739203, 1.138497, 16.493853
23877864, -1.739203, 1.138497, 16.493853
23877874, -1.739203, 1.138497, 0.000000
23877884, -1.370764, 1.401538, 13.152086
23877894, -1.370764, 1.401538, 13.152086
23877904, -1.370764, 1.401538, 0.000000
23877914, -0.979618, 1.610487, 10.447448
23877924, -0.979618, 1.610487, 10.447448
23877934, -0.979618, 1.610487, 0.000000
23877944, -0.572101, 1.739268, 6.439028
23877954, -0.572101, 1.739268, 6.439028
23877964, -0.572101, 1.739268, 0.000000
23877974, -0.350951, 1.761018, 1.087490
23877984, -0.350951, 1.761018, 1.087490
23877994, -0.350951, 1.761018, 0.000000
23878004, -0.263039, 1.758327, -0.134515
23878014, -0.263039, 1.758327, -0.134515
23878024, -0.263039, 1.758327, 0.000000
23878034, -0.192196, 1.750935, -0.369604
23878044, -0.192196, 1.750935, -0.369604
23878054, -0.192196, 1.750935, 0.000000
23878064, -0.136886, 1.741705, -0.461514
23878074, -0.136886, 1.741705, -0.461514
23878084, -0.136886, 1.741705, 0.000000
23878094, -0.118543, 1.737942, -0.188130
23878104, -0.118543, 1.737942, -0.188130
23878114, -0.118543, 1.737942, 0.000000
23878124, -0.111841, 1.736478, -0.073211
23878134, -0.111841, 1.736478, -0.073211
23878144, -0.111841, 1.736478, 0.000000
23878154, -0.108193, 1.735661, -0.040863
23878164, -0.108193, 1.735661, -0.040863
23878174, -0.108193, 1.735661, 0.000000
23878184, -0.107512, 1.735507, -0.007705
23878194, -0.107512, 1.735507, -0.007705
23878204, -0.107512, 1.735507, 0.000000
23878214, -0.105313, 1.735006, -0.025064
23878224, -0.105313, 1.735006, -0.025064
23878234, -0.105313, 1.735006, 0.000000
23878244, -0.104214, 1.734753, -0.012630
23878254, -0.104214, 1.734753, -0.012630
23878264, -0.104214, 1.734753, 0.000000
23878274, -0.104283, 1.734769, 0.000804
23878284, -0.104283, 1.734769, 0.000804
23878294, -0.104283, 1.734769, 0.000000
23878304, -0.104423, 1.734801, 0.001607
23878314, -0.104423, 1.734801, 0.001607
23878324, -0.104423, 1.734801, 0.000000
23878334, -0.104283, 1.734769, -0.001607
23878344, -0.104283, 1.734769, -0.001607
23878354, -0.104283, 1.734769, 0.000000
23878364, -0.103847, 1.734668, -0.005029
23878374, -0.103847, 1.734668, -0.005029
23878384, -0.103847, 1.734668, 0.000000
23878394, -0.102590, 1.734378, -0.014540
23878404, -0.102590, 1.734378, -0.014540
23878414, -0.102590, 1.734378, 0.000000
23878424, -0.100740, 1.733946, -0.021562
23878434, -0.100740, 1.733946, -0.021562
23878444, -0.100740, 1.733946, 0.000000
23878454, -0.098838, 1.733499, -0.022367
23878464, -0.098838, 1.733499, -0.022367
23878474, -0.098838, 1.733499, 0.000000
23878484, -0.097424, 1.733164, -0.016750
23878494, -0.097424, 1.733164, -0.016750
23878504, -0.097424, 1.733164, 0.000000
23878514, -0.095539, 1.732714, -0.022503
23878524, -0.095539, 1.732714, -0.022503
23878534, -0.092310, 1.731934, -0.038999
23878544, -0.092310, 1.731934, -0.038999
23878554, -0.092310, 1.731934, 0.000000
23878564, -0.092310, 1.731934, 0.000000
23878574, -0.089850, 1.731332, -0.030109
23878584, -0.089850, 1.731332, -0.030109
23878594, -0.088034, 1.730883, -0.022422
23878604, -0.088034, 1.730883, -0.022422
23878614, -0.088034, 1.730883, 0.000000
23878624, -0.086795, 1.730575, -0.015412
23878634, -0.086795, 1.730575, -0.015412
23878644, -0.086795, 1.730575, 0.000000
23878654, -0.085591, 1.730274, -0.015059
23878664, -0.085591, 1.730274, -0.015059
23878674, -0.085591, 1.730274, 0.000000
23878684, -0.085591, 1.730274, 0.000000
23878694, -0.085678, 1.730296, 0.001094
23878704, -0.085678, 1.730296, 0.001094
23878714, -0.085678, 1.730296, 0.000000
23878724, -0.086219, 1.730431, 0.006773
23878734, -0.086219, 1.730431, 0.006773
23878744, -0.086219, 1.730431, 0.000000
23878754, -0.086010, 1.730379, -0.002620
23878764, -0.086010, 1.730379, -0.002620
23878774, -0.086010, 1.730379, 0.000000
23878784, -0.086045, 1.730388, 0.000437
23878794, -0.086045, 1.730388, 0.000437
23878804, -0.086045, 1.730388, 0.000000
23878814, -0.086446, 1.730488, 0.005019
23878824, -0.086446, 1.730488, 0.005019
23878834, -0.086446, 1.730488, 0.000000
23878844, -0.086429, 1.730484, -0.000218
23878854, -0.086429, 1.730484, -0.000218
23878864, -0.086429, 1.730484, 0.000000
23878874, -0.086516, 1.730505, 0.001090
23878884, -0.086516, 1.730505, 0.001090
23878894, -0.086516, 1.730505, 0.000000
23878904, -0.086813, 1.730580, 0.003702
23878914, -0.086813, 1.730580, 0.003702
23878924, -0.086813, 1.730580, 0.000000
23878934, -0.086743, 1.730562, -0.000871
23878944, -0.086743, 1.730562, -0.000871
23878954, -0.086743, 1.730562, 0.000000
23878964, -0.086568, 1.730519, -0.002178
23878974, -0.086568, 1.730519, -0.002178
23878984, -0.086568, 1.730519, 0.000000
23878994, -0.086376, 1.730471, -0.002398
23879004, -0.086376, 1.730471, -0.002398
23879014, -0.086376, 1.730471, 0.000000
23879024, -0.086149, 1.730414, -0.002836
23879034, -0.086149, 1.730414, -0.002836
23879044, -0.086149, 1.730414, 0.000000
23879054, -0.085678, 1.730296, -0.005900
23879064, -0.085678, 1.730296, -0.005900
23879074, -0.085678, 1.730296, 0.000000
23879084, -0.085486, 1.730248, -0.002407
23879094, -0.085486, 1.730248, -0.002407
